Solution@34ce8af7	812	8273	3653	1160
Solution@880ec60	702	7844	3314	1131
Solution@3f3afe78	534	7579	3013	1086
Solution@7f63425a	534	6809	2696	1061
Solution@36d64342	442	7107	2269	1000
Solution@39ba5a14	442	6165	1936	893
Solution@511baa65	368	4778	1607	714
Solution@340f438e	368	3682	1364	579
Solution@30c7da1e	368	3682	1223	515
Solution@5b464ce8	368	3456	1107	466
Solution@57829d67	352	3075	1047	432
Solution@19dfb72a	337	2517	984	399
Solution@17c68925	337	2666	933	374
Solution@7e0ea639	337	2425	902	348
Solution@3d24753a	335	2244	873	331
Solution@59a6e353	333	2276	846	341
Solution@7a0ac6e3	333	2241	817	331
Solution@71be98f5	328	2277	794	321
Solution@6fadae5d	328	2467	772	311
Solution@17f6480	291	2601	754	324
Solution@2d6e8792	291	2500	725	313
Solution@2812cbfa	291	2099	729	300
Solution@2acf57e3	291	2332	750	306
Solution@506e6d5e	291	2027	746	319
Solution@96532d6	285	1975	745	318
Solution@3796751b	283	2323	713	306
Solution@67b64c45	283	1861	714	312
Solution@4411d970	281	2012	702	302
Solution@6442b0a6	280	2709	687	307
Solution@60f82f98	258	2586	662	293
Solution@35f983a6	247	2586	666	312
Solution@7f690630	247	2586	653	323
Solution@edf4efb	247	2586	647	308
Solution@2f7a2457	239	1906	619	290
Solution@566776ad	239	1877	626	290
Solution@6108b2d7	239	1719	613	284
Solution@1554909b	239	2007	604	284
Solution@6bf256fa	239	2161	604	297
Solution@6cd8737	233	2310	599	291
Solution@22f71333	233	2103	589	300
Solution@13969fbe	232	2128	592	301
Solution@6aaa5eb0	232	2296	575	297
Solution@3498ed	229	2024	570	302
Solution@1a407d53	231	2086	565	301
Solution@3d8c7aca	231	1844	560	308
Solution@5ebec15	232	1965	543	304
Solution@21bcffb5	228	2323	536	302
Solution@380fb434	228	2191	528	313
Solution@668bc3d5	228	2027	523	304
Solution@3cda1055	228	2134	519	303
Solution@7a5d012c	228	1995	530	321
Solution@3fb6a447	228	2013	513	306
Solution@79b4d0f	228	1932	525	316
Solution@6b2fad11	228	2131	514	318
Solution@79698539	228	1900	518	318
Solution@73f792cf	228	2041	508	315
Solution@2ed94a8b	228	1825	488	300
Solution@38082d64	227	1895	474	291
Solution@dfd3711	228	1899	481	293
Solution@42d3bd8b	228	1620	482	292
Solution@26ba2a48	228	1855	480	293
Solution@5f2050f6	228	2316	482	300
Solution@3b81a1bc	228	1609	482	305
Solution@64616ca2	228	2211	493	319
Solution@13fee20c	228	2234	486	314
Solution@4e04a765	228	1545	466	278
Solution@783e6358	228	1678	480	305
Solution@17550481	228	1714	481	304
Solution@735f7ae5	227	1667	510	317
Solution@180bc464	227	2416	502	307
Solution@1324409e	227	1842	498	320
Solution@2c6a3f77	228	1892	494	317
Solution@246ae04d	228	2085	503	327
Solution@62043840	227	1822	494	316
Solution@5315b42e	227	2192	500	327
Solution@2ef9b8bc	227	1604	510	313
Solution@5d624da6	227	2083	516	329
Solution@1e67b872	227	1934	494	309
Solution@60addb54	227	1889	499	322
Solution@3f2a3a5	227	2308	479	304
Solution@4cb2c100	227	2000	497	323
Solution@6fb554cc	227	1862	470	294
Solution@614c5515	227	1733	475	299
Solution@77b52d12	223	1840	464	299
Solution@2d554825	223	1854	462	301
Solution@68837a77	223	1868	464	311
Solution@6be46e8f	223	1898	478	314
Solution@3567135c	223	1695	466	294
Solution@327471b5	223	2207	480	307
Solution@4157f54e	223	1980	494	319
Solution@90f6bfd	223	1856	494	326
Solution@47f6473	223	2060	479	309
Solution@15975490	223	1835	484	308
Solution@6b143ee9	223	1691	481	308
Solution@1936f0f5	223	1847	477	310
Solution@6615435c	223	2124	489	327
Solution@4909b8da	223	2193	481	330
Solution@3a03464	223	2212	470	312
Solution@2d3fcdbd	223	1827	468	309
Solution@617c74e5	223	1784	464	303
Solution@6537cf78	223	1922	478	306
Solution@67b6d4ae	223	2270	489	320
Solution@34b7bfc0	223	1773	465	309
Solution@366e2eef	223	2076	485	320
Solution@6df97b55	223	1983	479	326
Solution@3cbbc1e0	223	1983	478	319
Solution@35fb3008	223	2252	481	338
Solution@7225790e	223	2006	482	330
Solution@54a097cc	223	1833	460	304
Solution@36f6e879	223	1863	469	318
Solution@5a61f5df	223	1758	467	304
Solution@3551a94	223	2204	483	325
Solution@531be3c5	223	2292	491	331
Solution@52af6cff	223	1727	488	327
Solution@735b478	223	1950	490	327
Solution@2c9f9fb0	223	1930	478	319
Solution@2096442d	223	1831	506	338
Solution@9f70c54	223	2711	503	335
Solution@234bef66	223	2157	489	322
Solution@737996a0	223	2244	483	321
Solution@61dc03ce	223	2017	447	308
Solution@50f8360d	223	1774	470	315
Solution@2cb4c3ab	223	2013	495	328
Solution@13c78c0b	223	2341	483	332
Solution@12843fce	223	2124	488	332
Solution@3dd3bcd	223	1844	485	331
Solution@97e1986	223	1983	486	339
Solution@26f67b76	223	2100	499	344
Solution@153f5a29	223	1963	489	338
Solution@7f560810	223	2354	456	307
Solution@69d9c55	223	2093	448	301
Solution@13a57a3b	223	2041	463	319
Solution@7ca48474	223	1996	484	335
Solution@337d0578	223	2233	465	328
Solution@59e84876	223	2047	477	330
Solution@61a485d2	223	1930	477	320
Solution@39fb3ab6	222	1785	484	326
Solution@6276ae34	211	1867	468	312
Solution@7946e1f4	223	1987	481	334
Solution@3c09711b	223	2102	483	335
Solution@5cc7c2a6	223	2026	478	338
Solution@b97c004	223	1919	485	331
Solution@4590c9c3	223	2027	476	335
Solution@32e6e9c3	223	2041	457	328
Solution@5056dfcb	223	2216	476	330
Solution@6574b225	223	2216	461	332
Solution@2669b199	223	1862	456	312
Solution@2344fc66	223	1956	481	322
Solution@458ad742	223	1947	468	315
Solution@5afa04c	223	2021	485	341
Solution@6ea12c19	223	1927	480	340
Solution@6a024a67	223	1978	482	329
Solution@7921b0a2	223	1908	472	326
Solution@174d20a	223	2425	496	349
Solution@66d2e7d9	223	1949	482	337
Solution@1efbd816	223	2347	497	344
Solution@6a2bcfcb	223	2184	469	325
Solution@4de8b406	223	2014	466	313
Solution@3c756e4d	223	1920	478	338
Solution@7c0e2abd	223	1973	452	315
Solution@48eff760	223	1990	475	330
Solution@402f32ff	223	2099	449	314
Solution@573f2bb1	223	2099	481	330
Solution@5ae9a829	223	1687	472	322
Solution@6d8a00e3	223	2498	479	338
Solution@548b7f67	223	2024	489	345
Solution@7ac7a4e4	223	2125	499	350
Solution@6d78f375	223	2244	497	352
Solution@50c87b21	223	1907	483	327
Solution@5f375618	223	2152	491	343
Solution@1810399e	223	1903	481	326
Solution@32d992b2	223	2493	482	345
Solution@215be6bb	223	2175	473	334
Solution@4439f31e	223	1953	457	310
Solution@5dfcfece	223	1831	461	312
Solution@23ceabc1	223	1982	446	313
Solution@5d5eef3d	223	1926	481	331
Solution@56f4468b	223	2108	480	333
Solution@6cc4c815	223	1898	476	338
Solution@3a82f6ef	223	1882	485	329
Solution@100fc185	223	1890	467	320
Solution@643b1d11	223	2017	456	319
Solution@2ef5e5e3	223	2104	477	342
Solution@36d4b5c	223	2065	472	337
Solution@6d00a15d	223	2057	482	331
Solution@51efea79	223	1863	477	333
Solution@5034c75a	223	1877	464	320
Solution@396a51ab	223	2579	466	325
Solution@51081592	223	1863	466	328
Solution@7f9a81e8	223	1877	481	330
Solution@9629756	223	2729	463	317
Solution@62ee68d8	223	1921	460	303
Solution@735b5592	223	1921	476	337
Solution@58651fd0	223	1961	480	341
Solution@4520ebad	223	1865	480	336
Solution@5419f379	223	1890	474	320
Solution@7dc7cbad	223	2081	493	344
Solution@d2cc05a	223	1910	466	328
Solution@4f933fd1	223	2359	471	338
Solution@548a9f61	223	1924	459	319
Solution@1753acfe	223	1799	476	323
Solution@7c16905e	223	1866	487	333
Solution@2a2d45ba	223	1722	469	327
Solution@2a5ca609	223	1978	457	320
Solution@20e2cbe0	223	1777	469	327
Solution@68be2bc2	223	1746	465	317
Solution@28feb3fa	223	1991	471	334
Solution@675d3402	223	2553	474	345
Solution@51565ec2	223	1674	467	324
Solution@482f8f11	223	1875	457	312
Solution@1593948d	223	1826	482	334
Solution@1b604f19	223	2024	479	331
Solution@7823a2f9	223	2248	470	336
Solution@4cc0edeb	223	1988	460	330
Solution@457e2f02	223	1761	462	322
Solution@5c7fa833	223	2020	480	338
Solution@39aeed2f	223	1930	486	336
Solution@724af044	223	2013	475	335
Solution@4678c730	223	2247	494	340
Solution@6767c1fc	223	1702	494	332
Solution@29ee9faa	223	1815	473	308
Solution@c038203	223	2205	467	316
Solution@cc285f4	223	2237	487	340
Solution@55f3ddb1	223	2289	504	356
Solution@8bd1b6a	223	1946	500	347
Solution@18be83e4	223	2162	479	338
Solution@cb5822	223	2142	469	325
Solution@4b9e13df	223	1778	463	316
Solution@2b98378d	223	1778	483	330
Solution@475530b9	223	1872	487	332
Solution@1d057a39	223	2059	497	350
Solution@26be92ad	223	1927	493	337
Solution@4c70fda8	223	1923	486	341
Solution@224edc67	223	2113	475	340
Solution@14acaea5	223	1825	486	339
Solution@46d56d67	223	2074	501	351
Solution@d8355a8	223	1841	479	333
Solution@59fa1d9b	223	1947	495	349
Solution@28d25987	223	2035	477	345
Solution@4501b7af	223	1696	469	325
Solution@523884b2	223	2546	474	333
Solution@5b275dab	223	2088	486	342
Solution@61832929	223	1924	480	342
Solution@29774679	223	2571	484	351
Solution@3ffc5af1	223	1953	497	343
Solution@5e5792a0	223	2037	487	333
Solution@26653222	223	2033	501	361
Solution@3532ec19	223	2081	512	366
Solution@68c4039c	223	2030	496	346
Solution@ae45eb6	223	2150	470	334
Solution@59f99ea	223	2189	486	338
Solution@27efef64	223	2030	484	348
Solution@6f7fd0e6	223	2032	482	343
Solution@47c62251	223	1975	484	339
Solution@3e6fa38a	223	2269	495	367
Solution@66a3ffec	223	2277	477	353
Solution@77caeb3e	223	2024	474	343
Solution@1e88b3c	223	1757	473	333
Solution@42d80b78	223	2196	471	344
Solution@3bfdc050	223	1663	492	347
Solution@1bce4f0a	223	2122	492	359
Solution@5e3a8624	223	2025	494	367
Solution@5c3bd550	223	2258	495	360
Solution@91161c7	223	2091	479	339
Solution@604ed9f0	223	1846	478	332
Solution@6a4f787b	223	1967	482	335
Solution@685cb137	223	2050	505	359
Solution@6a41eaa2	223	2140	476	341
Solution@7cd62f43	223	2036	461	339
Solution@6d4b1c02	223	2388	471	338
Solution@6093dd95	223	2220	485	344
Solution@5622fdf	223	2642	494	356
Solution@4883b407	223	1809	460	315
Solution@7d9d1a19	223	1818	472	335
Solution@39c0f4a	223	1686	468	324
Solution@1794d431	223	2016	498	357
Solution@42e26948	223	2480	502	371
Solution@57baeedf	223	2197	492	355
Solution@343f4d3d	223	2060	485	340
Solution@53b32d7	223	2139	487	346
Solution@5442a311	223	1989	467	331
Solution@548e7350	223	1885	484	347
Solution@1a968a59	223	2300	490	349
Solution@4667ae56	223	1761	485	345
Solution@77cd7a0	223	2231	490	359
Solution@204f30ec	223	2288	475	337
Solution@e25b2fe	223	2993	492	354
Solution@754ba872	223	2260	492	356
Solution@146ba0ac	223	1752	480	334
Solution@4dfa3a9d	223	1916	493	351
Solution@6eebc39e	223	2462	486	344
Solution@464bee09	223	2333	499	351
Solution@f6c48ac	223	2094	475	341
Solution@13deb50e	223	2260	499	357
Solution@239963d8	223	2061	495	360
Solution@3abbfa04	223	1937	478	341
Solution@57fffcd7	223	1931	499	354
Solution@31ef45e3	223	1875	489	344
Solution@598067a5	223	1928	479	352
Solution@3c0ecd4b	223	2038	494	358
Solution@14bf9759	223	2267	479	343
Solution@5f341870	223	2192	493	353
Solution@553f17c	223	1993	473	331
Solution@4f7d0008	223	2049	480	352
Solution@271053e1	223	2037	480	344
Solution@589838eb	223	1938	459	331
Solution@42dafa95	223	2226	494	365
Solution@6500df86	223	2211	482	352
Solution@402a079c	223	1847	480	352
Solution@59ec2012	223	1724	484	343
Solution@4cf777e8	223	1989	467	341
Solution@2f686d1f	223	1989	466	333
Solution@3fee9989	223	2008	456	331
Solution@73ad2d6	223	1814	481	345
Solution@7085bdee	223	2160	508	382
Solution@1ce92674	223	2342	480	343
Solution@5700d6b1	223	1919	474	345
Solution@6fd02e5	223	2132	493	355
Solution@5bcab519	223	2116	497	367
Solution@e45f292	223	2130	492	360
Solution@5f2108b5	223	2000	491	362
Solution@31a5c39e	223	1942	475	341
Solution@3f49dace	223	1824	461	332
Solution@1e397ed7	223	2485	475	357
Solution@490ab905	223	2212	489	352
Solution@56ac3a89	223	1983	477	336
Solution@27c20538	223	1887	490	363
Solution@72d818d1	223	2390	494	362
Solution@6e06451e	223	2244	480	333
Solution@59494225	223	2309	480	343
Solution@6e1567f1	223	2155	482	344
Solution@5cb9f472	223	2382	463	340
Solution@cb644e	223	1993	461	336
Solution@13805618	223	2160	483	351
Solution@56ef9176	223	2160	484	346
Solution@4566e5bd	223	1843	493	354
Solution@1ed4004b	223	2448	500	369
Solution@ff5b51f	223	1923	484	342
Solution@25bbe1b6	223	2073	486	351
Solution@5702b3b1	223	2244	485	363
Solution@69ea3742	223	2018	468	342
Solution@4b952a2d	223	2280	483	347
Solution@3159c4b8	223	2232	492	363
Solution@73846619	223	2075	504	370
Solution@4bec1f0c	223	2113	486	363
Solution@29ca901e	223	2102	479	352
Solution@5649fd9b	223	1902	474	336
Solution@6adede5	223	1970	461	336
Solution@2d928643	223	2191	489	355
Solution@5025a98f	223	2308	485	361
Solution@49993335	223	2044	476	342
Solution@20322d26	223	2110	470	344
Solution@192b07fd	223	2114	470	341
Solution@64bfbc86	223	1747	473	342
Solution@64bf3bbf	223	2392	469	338
Solution@55d56113	223	2029	462	332
Solution@148080bb	223	1962	461	333
Solution@dc24521	223	2633	473	352
Solution@10bdf5e5	223	2175	477	336
Solution@6e1ec318	223	2157	473	346
Solution@7e0b0338	223	1967	479	350
Solution@617faa95	223	2084	491	351
Solution@1e127982	223	1874	476	348
Solution@60c6f5b	223	2081	480	347
Solution@2038ae61	223	2560	480	337
Solution@3c0f93f1	223	2146	494	343
Solution@31dc339b	223	1863	483	334
Solution@544fe44c	223	2469	480	346
Solution@31610302	223	1943	474	333
Solution@71318ec4	223	2258	475	338
Solution@21213b92	223	2013	490	339
Solution@a67c67e	223	1889	471	324
Solution@3327bd23	223	2084	519	375
Solution@4e1d422d	223	2127	472	333
Solution@66480dd7	223	2246	477	340
Solution@52a86356	223	2151	475	346
Solution@5ce81285	223	2039	488	358
Solution@78c03f1f	223	2614	486	351
Solution@5ec0a365	223	1955	477	333
Solution@4fe3c938	223	2146	490	360
Solution@5383967b	223	2146	478	340
Solution@2ac273d3	223	2417	496	352
Solution@71423665	223	1828	478	342
Solution@20398b7c	223	2128	480	335
Solution@6fc6f14e	223	1788	476	349
Solution@56235b8e	223	2109	482	334
Solution@3632be31	223	2114	453	313
Solution@5abca1e0	223	1966	468	328
Solution@2286778	223	1906	466	327
Solution@4e9ba398	223	1904	464	331
Solution@6d7b4f4c	223	1947	465	325
Solution@527740a2	223	1988	487	338
Solution@13a5fe33	223	2078	476	335
Solution@3108bc	223	2137	467	338
Solution@370736d9	223	2249	482	349
Solution@5f9d02cb	223	1824	486	346
Solution@63753b6d	223	2537	484	357
Solution@6b09bb57	223	2157	489	346
Solution@6536e911	223	1868	488	346
Solution@520a3426	223	1937	483	339
Solution@18eed359	223	1854	483	332
Solution@3e9b1010	223	2378	482	331
Solution@6c3708b3	223	2289	486	350
Solution@6f1fba17	223	1976	453	317
Solution@185d8b6	223	2028	462	324
Solution@67784306	223	1907	470	328
Solution@335eadca	223	2226	484	327
Solution@210366b4	223	1894	482	339
Solution@eec5a4a	223	1890	475	328
Solution@2b2948e2	223	2459	481	346
Solution@6ddf90b0	223	1976	495	354
Solution@57536d79	223	1935	476	344
Solution@3b0143d3	223	2127	481	344
Solution@5a8e6209	223	2184	476	343
Solution@4b4523f8	223	2615	478	352
Solution@731a74c	223	2021	463	323
Solution@369f73a2	223	2106	475	331
Solution@1f28c152	223	1959	468	330
Solution@7d907bac	223	1767	459	313
Solution@7791a895	223	1890	459	320
Solution@3a5ed7a6	223	2418	483	348
Solution@6325a3ee	223	2365	477	352
Solution@1d16f93d	223	2044	463	346
Solution@67b92f0a	223	2053	459	338
Solution@2b9627bc	223	1888	453	322
Solution@65e2dbf3	223	2246	491	358
Solution@4f970963	223	2235	482	352
Solution@61f8bee4	223	1947	479	343
Solution@7b49cea0	223	1824	473	332
Solution@887af79	223	2385	481	353
Solution@7fac631b	223	1763	471	334
Solution@5b87ed94	223	1805	475	333
Solution@6e0e048a	223	2238	477	345
Solution@5bc79255	223	2089	469	340
Solution@47ef968d	223	1931	477	330
Solution@23e028a9	223	2055	503	359
Solution@3dd4520b	223	1963	493	365
Solution@5ae63ade	223	2157	483	345
Solution@610694f1	223	2260	496	361
Solution@43814d18	223	1913	493	352
Solution@5c5a1b69	223	1953	498	351
Solution@3701eaf6	223	2219	464	335
Solution@627551fb	223	2219	474	338
Solution@2b552920	223	2371	495	351
Solution@2758fe70	223	2117	493	347
Solution@1f36e637	223	2400	505	356
Solution@578486a3	223	1998	480	333
Solution@551aa95a	223	1869	482	337
Solution@35d176f7	223	1882	484	332
Solution@1dfe2924	223	1966	472	329
Solution@6ebc05a6	223	2643	472	337
Solution@6e6c3152	223	1894	492	348
Solution@50b494a6	223	1815	477	331
Solution@3cef309d	223	2418	488	347
Solution@32709393	223	2090	475	339
Solution@3d99d22e	223	1848	457	329
Solution@49fc609f	223	1937	488	344
Solution@cd2dae5	223	2029	495	361
Solution@3a883ce7	223	2057	467	334
Solution@4973813a	223	1743	482	342
Solution@6321e813	223	2064	497	353
Solution@79be0360	223	1968	489	335
Solution@22a67b4	223	2529	502	366
Solution@57855c9a	223	1897	480	327
Solution@3b084709	223	1846	481	331
Solution@3224f60b	223	1946	475	347
Solution@63e2203c	223	2345	483	352
Solution@1efed156	223	1681	478	337
Solution@6737fd8f	223	1888	493	351
Solution@72b6cbcc	223	1913	498	345
Solution@a7e666	223	1911	491	348
Solution@68bbe345	223	1773	472	344
Solution@30b8a058	223	1808	472	339
Solution@7494e528	223	1871	488	350
Solution@4bbfb90a	223	1988	478	339
Solution@7c29daf3	223	1938	468	345
Solution@9660f4e	223	1876	463	338
Solution@5a8806ef	223	1854	476	341
Solution@6c49835d	223	1959	489	348
Solution@5e853265	223	2115	462	339
Solution@67205a84	223	2126	454	339
Solution@7d0587f1	223	2095	459	343
Solution@5d76b067	223	1996	460	335
Solution@2a17b7b6	223	2096	493	363
Solution@4f063c0a	223	2216	482	345
Solution@1e6d1014	223	1968	468	340
Solution@76707e36	223	2210	486	354
Solution@614ddd49	223	2036	495	366
Solution@1f554b06	223	2036	475	341
Solution@694e1548	223	2041	465	344
Solution@1c3a4799	223	2135	484	367
Solution@131276c2	223	2116	465	347
Solution@26aa12dd	223	2085	483	347
Solution@3fd7a715	223	2051	486	348
Solution@711f39f9	223	1938	483	335
Solution@71bbf57e	223	2195	501	354
Solution@7f13d6e	223	1810	502	346
Solution@51cdd8a	223	2547	503	353
Solution@d44fc21	223	2202	508	361
Solution@23faf8f2	223	2101	489	344
Solution@2d6eabae	223	2323	512	374
Solution@4e7dc304	223	2114	479	357
Solution@64729b1e	223	2026	459	337
Solution@10bbd20a	223	2272	458	336
Solution@48503868	223	1865	478	349
Solution@6895a785	223	1927	493	354
Solution@184f6be2	223	2662	499	367
Solution@56aac163	223	2242	480	349
Solution@1f7030a6	223	1905	482	347
Solution@5a1c0542	223	2237	486	369
Solution@396f6598	223	1915	469	344
Solution@394e1a0f	223	1871	475	349
Solution@27a5f880	223	1876	459	329
Solution@1d29cf23	223	1925	484	365
Solution@5f282abb	223	2131	480	353
Solution@167fdd33	223	1873	455	327
Solution@1e965684	223	1853	479	345
Solution@4d95d2a2	223	2221	488	362
Solution@53f65459	223	1975	496	354
Solution@3b088d51	223	2610	496	351
Solution@1786dec2	223	2304	511	372
Solution@74650e52	223	2114	506	360
Solution@15d0c81b	223	2256	510	371
Solution@6acdbdf5	223	2174	509	373
Solution@4b1c1ea0	223	1948	509	359
Solution@17579e0f	223	2208	496	341
Solution@4d41cee	223	1797	480	335
Solution@3712b94	223	1884	489	346
Solution@2833cc44	223	2277	501	364
Solution@33f88ab	223	2111	497	363
Solution@27a8c74e	223	1954	491	360
Solution@2d8f65a4	223	1950	462	341
Solution@1b68ddbd	223	1818	478	352
Solution@646d64ab	223	1974	470	341
Solution@59e5ddf	223	2240	491	358
Solution@536aaa8d	218	2137	483	363
Solution@e320068	218	2112	480	349
Solution@1f57539	218	1814	467	344
Solution@76f2b07d	218	2079	477	353
Solution@704a52ec	217	2044	481	356
Solution@6ee52dcd	217	2196	472	354
Solution@4493d195	211	2240	486	367
Solution@2781e022	211	1937	463	335
Solution@57e1b0c	211	2058	486	366
Solution@4232c52b	211	2154	482	363
Solution@1877ab81	211	1888	470	346
Solution@305fd85d	211	1969	492	370
Solution@458c1321	211	1830	479	352
Solution@11438d26	211	2037	475	357
Solution@34cd072c	211	1889	477	349
Solution@7a1ebcd8	211	2113	471	342
Solution@5faeada1	211	2294	473	350
Solution@528931cf	211	2079	476	350
Solution@ea1a8d5	211	2133	488	360
Solution@1563da5	211	2016	462	340
Solution@2bbf4b8b	211	2110	490	350
Solution@30a3107a	211	2097	502	354
Solution@33c7e1bb	211	1928	496	356
Solution@34c4973	211	1983	503	368
Solution@52feb982	211	1897	470	344
Solution@7a765367	211	2345	476	352
Solution@76b0bfab	211	2599	483	355
Solution@17d677df	211	2071	497	366
Solution@3043fe0e	211	1937	478	357
Solution@78e67e0a	211	1974	453	324
Solution@bd8db5a	211	2101	474	358
Solution@2f943d71	211	2400	477	346
Solution@80503	211	2688	484	359
Solution@4b553d26	211	2175	490	362
Solution@69a3d1d	211	2071	487	353
Solution@86be70a	211	2884	501	367
Solution@480bdb19	211	1993	491	356
Solution@2a556333	211	1899	485	348
Solution@7d70d1b1	211	1939	485	356
Solution@2a742aa2	211	2544	491	359
Solution@3cb1ffe6	211	2037	472	360
Solution@3dfc5fb8	211	1906	456	340
Solution@467aecef	211	2247	465	342
Solution@4d50efb8	211	1938	489	351
Solution@7e2d773b	211	1868	492	352
Solution@2173f6d9	211	1864	483	347
Solution@307f6b8c	211	1960	482	354
Solution@7a187f14	211	2293	470	341
Solution@6f195bc3	211	3075	467	361
Solution@51e2adc7	211	2036	483	362
Solution@1a8a8f7c	211	1976	486	362
Solution@2353b3e6	211	1824	476	356
Solution@631330c	211	1820	485	372
Solution@42f93a98	211	2277	475	366
Solution@c46bcd4	211	1903	466	349
Solution@3234e239	211	2183	458	353
Solution@3d921e20	211	2131	469	353
Solution@36b4cef0	211	1937	470	367
Solution@fad74ee	211	1867	469	352
Solution@1a1d6a08	211	1788	496	369
Solution@37d31475	211	1909	500	365
Solution@27808f31	211	1798	504	378
Solution@436e852b	211	1845	480	354
Solution@32d2fa64	211	1839	482	355
Solution@1d8d30f7	209	1924	460	344
Solution@3e57cd70	209	2255	479	380
Solution@9a7504c	209	2255	495	382
Solution@2c039ac6	209	2105	469	361
Solution@587d1d39	209	2531	503	383
Solution@58c1670b	211	2067	502	394
Solution@6b57696f	211	2489	490	390
Solution@5bb21b69	211	1914	482	373
Solution@6b9651f3	211	1954	476	370
Solution@38bc8ab5	211	1877	468	359
Solution@687080dc	211	2118	485	365
Solution@23d2a7e8	211	2196	483	371
Solution@7a9273a8	211	1973	482	362
Solution@26a7b76d	211	2400	521	400
Solution@4abdb505	211	2208	503	389
Solution@7ce6a65d	211	1901	484	369
Solution@1500955a	211	1854	462	354
Solution@e874448	211	1931	451	346
Solution@29b5cd00	211	2016	483	369
Solution@60285225	211	1801	477	362
Solution@7113b13f	211	2177	493	369
Solution@45820e51	211	2530	507	395
Solution@42d8062c	211	2059	491	383
Solution@6043cd28	211	1970	483	377
Solution@cb51256	211	2486	461	368
Solution@59906517	211	2296	486	388
Solution@5bfbf16f	211	2121	478	381
Solution@25af5db5	211	2008	473	375
Solution@12cdcf4	211	2376	483	380
Solution@5bcea91b	211	2585	491	381
Solution@5f3a4b84	211	1956	511	382
Solution@27f723	211	2047	515	398
Solution@670b40af	211	2021	492	385
Solution@4923ab24	211	2026	478	382
Solution@44c8afef	211	2127	471	376
Solution@7b69c6ba	211	2300	509	397
Solution@46daef40	211	2300	507	400
Solution@12f41634	211	2640	483	383
Solution@13c27452	211	2047	476	373
Solution@262b2c86	211	1825	490	390
Solution@371a67ec	211	2027	483	387
Solution@5ed828d	211	2210	485	383
Solution@50d0686	211	2593	482	377
Solution@7a3d45bd	211	1914	478	372
Solution@1e7c7811	211	2015	502	387
Solution@77ec78b9	211	2015	482	369
Solution@1a3869f4	211	2028	475	373
Solution@a38d7a3	211	2276	484	382
Solution@77f99a05	211	2158	493	391
Solution@63440df3	211	2756	499	404
Solution@3aeaafa6	209	3085	502	390
Solution@76a3e297	209	2194	505	400
Solution@4d3167f4	209	1958	494	382
Solution@ed9d034	209	1917	485	379
Solution@6121c9d6	209	2060	488	383
Solution@87f383f	209	2032	485	388
Solution@4eb7f003	209	1990	473	370
Solution@eafc191	209	2295	498	396
Solution@612fc6eb	209	2230	489	392
Solution@1060b431	209	2335	501	393
Solution@612679d6	209	2020	494	395
Solution@11758f2a	209	2057	488	389
Solution@e720b71	209	2133	495	396
Solution@1b26f7b2	209	2732	497	404
Solution@491cc5c9	209	2240	471	373
Solution@74ad1f1f	209	1935	477	383
Solution@6a1aab78	209	1839	478	386
Solution@462d5aee	209	2154	481	384
Solution@69b0fd6f	209	2154	471	371
Solution@757942a1	209	2100	478	378
Solution@4a87761d	209	2158	512	401
Solution@66d1af89	209	1892	481	375
Solution@8646db9	209	1862	459	356
Solution@37374a5e	209	1920	503	392
Solution@4671e53b	209	2073	484	391
Solution@2db7a79b	209	1976	483	386
Solution@6950e31	209	2342	491	395
Solution@b7dd107	209	1805	478	383
Solution@42eca56e	209	2283	443	361
Solution@52f759d7	209	2307	452	373
Solution@7cbd213e	209	2057	473	378
Solution@192d3247	209	2271	451	352
Solution@3ecd23d9	209	2042	475	373
Solution@569cfc36	209	2094	472	380
Solution@43bd930a	209	1998	469	364
Solution@33723e30	209	2439	472	389
Solution@64f6106c	209	2414	460	373
Solution@553a3d88	209	1907	471	370
Solution@7a30d1e6	209	2068	476	383
Solution@5891e32e	209	2210	505	393
Solution@cb0ed20	209	2298	494	391
Solution@8e24743	209	2060	502	389
Solution@74a10858	209	2064	504	390
Solution@23fe1d71	209	2059	482	372
Solution@28ac3dc3	209	2017	474	365
Solution@32eebfca	209	1945	461	360
Solution@4e718207	209	1885	484	382
Solution@1d371b2d	209	2375	493	382
Solution@543c6f6d	209	2398	493	391
Solution@13eb8acf	209	2211	489	369
Solution@51c8530f	209	2008	499	380
Solution@7403c468	209	2231	495	393
Solution@43738a82	209	1964	494	384
Solution@c81cdd1	209	2399	493	379
Solution@1fc2b765	209	2116	489	379
Solution@75881071	209	2363	487	386
Solution@2a70a3d8	209	2363	483	389
Solution@289d1c02	209	2234	477	379
Solution@22eeefeb	209	2102	480	377
Solution@17d0685f	209	2263	477	379
Solution@3891771e	209	3168	474	385
Solution@78ac1102	209	2302	450	349
Solution@2de8284b	209	2571	487	373
Solution@396e2f39	209	2160	474	363
Solution@a74868d	209	1932	486	375
Solution@12c8a2c0	209	1962	481	382
Solution@7e0e6aa2	209	2209	468	369
Solution@365185bd	209	2109	455	366
Solution@18bf3d14	209	2164	468	383
Solution@4fb64261	209	2161	477	383
Solution@42607a4f	209	2181	511	414
Solution@782663d3	209	2228	497	395
Solution@1990a65e	209	2096	482	380
Solution@64485a47	209	2460	497	392
Solution@25bbf683	209	2186	492	390
Solution@6ec8211c	209	1987	448	354
Solution@7276c8cd	209	1958	453	356
Solution@544a2ea6	209	2058	485	387
Solution@2e3fc542	209	2196	473	376
Solution@150c158	209	2352	463	386
Solution@4524411f	209	2074	448	349
Solution@401e7803	209	2580	479	392
Solution@10dba097	209	1953	469	380
Solution@1786f9d5	209	1946	441	353
Solution@704d6e83	209	2135	462	360
Solution@43a0cee9	209	1903	461	361
Solution@eb21112	209	2184	480	387
Solution@2eda0940	209	1969	454	364
Solution@3578436e	209	1965	460	365
Solution@706a04ae	209	2173	436	350
Solution@6eceb130	209	1914	436	346
Solution@10a035a0	209	2211	435	347
Solution@67b467e9	209	2211	479	377
Solution@47db50c5	209	2097	505	394
Solution@5c072e3f	209	2232	473	381
Solution@4d1b0d2a	209	2268	456	356
Solution@954b04f	209	1746	470	353
Solution@149494d8	209	2074	475	368
Solution@710726a3	209	2085	472	362
Solution@646007f4	209	2666	461	370
Solution@481a15ff	209	2147	473	368
Solution@78186a70	209	2072	480	373
Solution@306279ee	209	2693	495	399
Solution@545997b1	209	2346	492	394
Solution@4cf4d528	209	1971	471	365
Solution@77846d2c	209	1954	474	372
Solution@548ad73b	209	1919	458	356
Solution@4c762604	209	2219	485	387
Solution@2641e737	209	2151	471	379
Solution@727803de	209	2510	464	370
Solution@704921a5	209	1892	460	360
Solution@df27fae	209	2153	455	361
Solution@24a35978	209	2395	456	357
Solution@16f7c8c1	209	2106	468	368
Solution@2f0a87b3	209	2998	452	366
Solution@319b92f3	209	2065	464	365
Solution@fcd6521	209	2289	474	384
Solution@27d415d9	209	2985	483	393
Solution@5c18298f	209	2060	471	364
Solution@31f924f5	209	1740	460	353
Solution@5579bb86	209	1914	461	367
Solution@5204062d	209	1967	469	380
Solution@4fcd19b3	209	2400	468	371
Solution@376b4233	209	2157	466	372
Solution@2fd66ad3	209	2264	464	369
Solution@5d11346a	209	1959	475	376
Solution@7a36aefa	209	1938	487	380
Solution@17211155	209	2162	501	395
Solution@b3d7190	209	2215	484	387
Solution@5fdba6f9	209	2215	472	374
Solution@10d59286	209	2116	477	390
Solution@fe18270	209	2514	469	383
Solution@6fb0d3ed	209	2514	486	393
Solution@6dde5c8c	209	2436	486	382
Solution@5123a213	209	1958	489	382
Solution@52525845	209	1977	487	382
Solution@3b94d659	209	1981	475	379
Solution@24b1d79b	209	1925	488	380
Solution@68ceda24	209	2232	474	369
Solution@281e3708	209	2602	491	381
Solution@35a50a4c	209	2108	471	365
Solution@1f021e6c	209	2112	478	383
Solution@103f852	209	1926	468	367
Solution@587c290d	209	2101	462	367
Solution@4516af24	209	2071	466	371
Solution@4ae82894	209	1922	465	366
Solution@543788f3	209	2173	456	381
Solution@6d3af739	209	2655	454	372
Solution@1da51a35	209	2004	481	394
Solution@16022d9d	209	2319	499	396
Solution@7e9a5fbe	209	2307	481	378
Solution@44a3ec6b	209	2024	490	379
Solution@71623278	209	2344	489	398
Solution@768b970c	209	1993	481	391
Solution@5a4041cc	209	2311	479	384
Solution@15b3e5b	209	2166	466	379
Solution@61ca2dfa	209	1931	464	365
Solution@4b53f538	209	2045	474	376
Solution@134593bf	209	1905	489	389
Solution@4bb4de6a	209	2038	483	378
Solution@7ba18f1b	209	2230	465	366
Solution@2f8f5f62	209	2079	450	368
Solution@1068e947	209	2218	461	382
Solution@7dc222ae	209	2205	489	402
Solution@aecb35a	209	2203	474	389
Solution@5fcd892a	209	2325	484	389
Solution@8b87145	209	2041	477	375
Solution@6483f5ae	209	2745	473	376
Solution@b9afc07	209	1901	456	359
Solution@382db087	209	2958	479	386
Solution@73d4cc9e	209	2157	477	375
Solution@80169cf	209	2128	495	389
Solution@5427c60c	209	2142	478	373
Solution@15bfd87	209	1945	479	385
Solution@543e710e	209	1959	480	385
Solution@57f23557	209	1872	477	374
Solution@3d0f8e03	209	2505	471	375
Solution@6366ebe0	209	2117	483	386
Solution@44f75083	209	2330	484	380
Solution@2698dc7	209	1995	459	376
Solution@43d7741f	209	2093	472	383
Solution@17baae6e	209	2294	461	376
Solution@69379752	209	2018	456	369
Solution@27fe3806	209	2683	468	394
Solution@5f71c76a	209	2101	472	378
Solution@1d7acb34	209	2498	478	396
Solution@48a242ce	209	2144	471	372
Solution@1e4a7dd4	209	1831	472	384
Solution@4f51b3e0	209	1869	462	360
Solution@4b9e255	209	1989	466	362
Solution@5e57643e	209	1989	493	389
Solution@133e16fd	209	2545	485	388
Solution@51b279c9	209	1997	470	374
Solution@1ad282e0	209	1997	477	381
Solution@7f416310	209	1947	471	363
Solution@1cab0bfb	209	1804	505	400
Solution@5e955596	209	1998	491	390
Solution@50de0926	209	2243	469	381
Solution@2473b9ce	209	1926	473	370
Solution@60438a68	209	2028	462	370
Solution@140e5a13	209	2014	483	388
Solution@3439f68d	209	2031	471	392
Solution@dbd940d	209	1995	461	367
Solution@71d15f18	209	2039	472	374
Solution@17695df3	209	2052	472	373
Solution@6c9f5c0d	209	2253	483	382
Solution@de3a06f	209	2671	460	366
Solution@76b10754	209	2591	470	388
Solution@2bea5ab4	209	2299	476	385
Solution@3d8314f0	209	2218	469	384
Solution@2df32bf7	209	1919	447	368
Solution@530612ba	209	3118	492	406
Solution@2a40cd94	209	2110	489	386
Solution@f4168b8	209	2354	492	394
Solution@3bd94634	209	2354	488	381
Solution@58a90037	209	2004	477	377
Solution@74294adb	209	2427	473	386
Solution@70a9f84e	209	2092	469	377
Solution@130f889	209	2165	458	380
Solution@1188e820	209	2151	442	366
Solution@2f490758	209	2296	452	374
Solution@101df177	209	2025	493	396
Solution@166fa74d	209	2150	472	386
Solution@40f08448	209	2258	490	393
Solution@276438c9	209	2513	476	393
Solution@588df31b	209	2455	476	392
Solution@33b37288	209	2004	458	377
Solution@77a57272	209	1920	479	379
Solution@7181ae3f	209	2036	475	376
Solution@46238e3f	209	2036	449	371
Solution@6e2c9341	209	2575	453	366
Solution@32464a14	209	2071	458	362
Solution@4e4aea35	209	2069	466	379
Solution@1442d7b5	209	1975	484	392
Solution@1efee8e7	209	2295	469	381
Solution@1ee807c6	209	1770	473	372
Solution@76a4d6c	209	2384	473	378
Solution@517cd4b	209	2378	459	361
Solution@6cc7b4de	209	1828	497	396
Solution@32cf48b7	209	2479	476	385
Solution@679b62af	209	2739	493	395
Solution@5cdd8682	209	2246	491	394
Solution@d6da883	209	2575	481	384
Solution@45afc369	209	2175	472	377
Solution@799d4f69	209	2175	473	382
Solution@49c43f4e	209	2245	475	386
Solution@290dbf45	209	2079	472	377
Solution@12028586	209	2140	469	376
Solution@17776a8	209	1804	457	371
Solution@69a10787	209	1890	473	371
Solution@2d127a61	209	2003	493	392
Solution@2bbaf4f0	209	1947	472	379
Solution@11c20519	209	2083	455	373
Solution@70beb599	209	2297	471	385
Solution@4e41089d	209	1907	458	382
Solution@32a068d1	209	1786	452	361
Solution@33cb5951	209	2158	487	389
Solution@365c30cc	209	2134	475	373
Solution@701fc37a	209	1904	467	366
Solution@4148db48	209	2355	477	391
Solution@282003e1	209	2106	481	379
Solution@7fad8c79	209	2161	496	392
Solution@71a794e5	209	1921	488	381
Solution@76329302	209	2165	476	381
Solution@5e25a92e	209	2168	482	381
Solution@4df828d7	209	2188	472	374
Solution@b59d31	209	1879	479	376
Solution@62fdb4a6	209	1868	477	375
Solution@11e21d0e	209	2078	470	372
Solution@1dd02175	209	2081	494	381
Solution@31206beb	209	2011	524	400
Solution@3e77a1ed	209	2212	467	354
Solution@3ffcd140	209	2133	471	385
Solution@23bb8443	209	2085	471	385
Solution@1176dcec	209	1839	486	387
Solution@120d6fe6	209	1977	490	376
Solution@4ba2ca36	209	2132	480	378
Solution@3444d69d	209	1798	459	367
Solution@1372ed45	209	1893	485	389
Solution@6a79c292	209	2255	478	383
Solution@37574691	209	2036	475	378
Solution@25359ed8	209	2475	448	362
Solution@21a947fe	209	2039	495	392
Solution@5606c0b	209	2131	475	380
Solution@80ec1f8	209	1996	429	333
Solution@1445d7f	209	2115	451	361
Solution@6a396c1e	209	2134	460	370
Solution@6c3f5566	209	1873	451	352
Solution@12405818	209	2424	485	394
Solution@314c508a	209	2313	478	377
Solution@10b48321	209	2155	475	376
Solution@6b67034	209	2369	473	386
Solution@16267862	209	2040	456	362
Solution@453da22c	209	2770	491	391
Solution@71248c21	209	2129	502	401
Solution@442675e1	209	1926	466	376
Solution@6166e06f	209	1836	489	388
Solution@49e202ad	209	2164	500	387
Solution@1c72da34	209	2222	466	371
Solution@6b0c2d26	209	2115	478	388
Solution@3d3fcdb0	209	2193	485	392
Solution@641147d0	209	1975	488	386
Solution@6e38921c	209	2161	509	398
Solution@64d7f7e0	209	2226	490	383
Solution@27c6e487	209	2304	485	375
Solution@49070868	209	2091	478	379
Solution@6385cb26	209	2218	463	366
Solution@38364841	209	2517	492	389
Solution@28c4711c	209	2170	476	391
Solution@59717824	209	1801	484	363
Solution@146044d7	209	2265	488	379
Solution@1e9e725a	209	1806	465	355
Solution@15d9bc04	209	1976	481	377
Solution@473b46c3	209	2393	482	383
Solution@516be40f	209	1964	458	370
Solution@3c0a50da	209	2190	451	368
Solution@646be2c3	209	2108	487	393
Solution@797badd3	209	2122	461	373
Solution@77be656f	209	2048	501	398
Solution@19dc67c2	209	1931	482	384
Solution@221af3c0	209	2062	452	363
Solution@62bd765	209	2231	455	377
Solution@23a5fd2	209	1885	460	366
Solution@78a2da20	209	1982	476	375
Solution@dd3b207	209	1982	472	372
Solution@551bdc27	209	1789	488	371
Solution@58fdd99	209	2006	482	375
Solution@6b1274d2	209	2362	460	360
Solution@7bc1a03d	209	2311	475	371
Solution@70b0b186	209	2142	469	377
Solution@ba8d91c	209	2236	490	400
Solution@7364985f	209	1966	461	370
Solution@5d20e46	209	2057	458	364
Solution@709ba3fb	209	2493	462	358
Solution@3d36e4cd	209	2045	491	394
Solution@6a472554	209	1937	490	380
Solution@7ff2a664	209	2346	485	383
Solution@525b461a	209	2571	497	401
Solution@58c1c010	209	2224	457	364
Solution@b7f23d9	209	2824	470	378
Solution@61d47554	209	2824	493	404
Solution@69b794e2	209	2445	475	382
Solution@3f200884	209	2073	469	366
Solution@4d339552	209	2047	472	379
Solution@f0f2775	209	2125	478	375
Solution@5a4aa2f2	209	2471	502	398
Solution@6591f517	209	2280	463	371
Solution@345965f2	209	1843	471	367
Solution@429bd883	209	1962	470	367
Solution@4d49af10	209	1707	468	357
Solution@279ad2e3	209	2020	462	368
Solution@58134517	209	2263	487	391
Solution@4450d156	209	2031	471	368
Solution@4461c7e3	209	1881	460	362
Solution@351d0846	209	2020	469	368
Solution@77e4c80f	209	2062	481	379
Solution@35fc6dc4	209	1864	481	361
Solution@7fe8ea47	209	2190	470	362
Solution@226a82c4	209	2002	477	379
Solution@731f8236	209	1910	491	384
Solution@255b53dc	209	2320	485	386
Solution@1dd92fe2	209	2558	489	390
Solution@6b53e23f	209	2445	481	368
Solution@64d2d351	209	2566	468	373
Solution@1b68b9a4	209	1976	463	365
Solution@4f9a3314	209	1926	476	383
Solution@3b2c72c2	209	1870	489	389
Solution@491666ad	209	2126	470	373
Solution@176d53b2	209	1705	472	369
Solution@971d0d8	209	2047	456	362
Solution@51931956	209	2026	461	372
Solution@2b4a2ec7	209	2110	492	396
Solution@564718df	209	2105	486	387
Solution@51b7e5df	209	2135	495	380
Solution@18a70f16	209	2055	472	367
Solution@62e136d3	209	2202	472	379
Solution@c8e4bb0	209	1924	480	380
Solution@6279cee3	209	2002	453	346
Solution@4206a205	209	2202	459	364
Solution@29ba4338	209	1914	468	380
Solution@57175e74	209	1956	477	387
Solution@7bb58ca3	209	2103	501	405
Solution@c540f5a	209	2284	475	394
Solution@770c2e6b	209	2530	497	386
Solution@1a052a00	209	2314	499	382
Solution@4d826d77	209	2020	479	374
Solution@61009542	209	2095	482	375
Solution@77e9807f	209	2056	489	380
Solution@448ff1a8	209	1955	488	383
Solution@1a38c59b	209	2349	479	380
Solution@7f77e91b	209	2350	483	386
Solution@44a664f2	209	1980	466	365
Solution@7f9fcf7f	209	2038	481	380
Solution@2357d90a	209	2792	484	381
Solution@6328d34a	209	1990	482	372
Solution@145eaa29	209	2406	472	362
Solution@15bb6bea	209	2400	480	382
Solution@8b96fde	209	2138	497	389
Solution@2d2e5f00	209	2425	480	390
Solution@4c40b76e	209	1984	461	369
Solution@2ea6137	209	2463	471	367
Solution@41ee392b	209	2195	446	346
Solution@1e67a849	209	2211	473	384
Solution@57d5872c	209	2327	471	368
Solution@667a738	209	2828	472	381
Solution@36f0f1be	209	2437	486	384
Solution@157632c9	209	2266	496	388
Solution@6ee12bac	209	2038	476	368
Solution@55040f2f	209	2119	465	368
Solution@64c87930	209	2194	472	373
Solution@400cff1a	209	1889	452	352
Solution@275710fc	209	2286	479	363
Solution@525f1e4e	209	2179	492	372
Solution@75f9eccc	209	1907	452	359
Solution@52aa2946	209	1823	460	355
Solution@4de5031f	209	2085	462	362
Solution@67e2d983	209	1936	460	354
Solution@5d47c63f	209	1883	493	381
Solution@5ea434c8	209	2009	508	394
Solution@3bbc39f8	209	1697	461	364
Solution@4ae3c1cd	209	1782	434	345
Solution@29f69090	209	2131	459	355
Solution@568bf312	209	1780	464	365
Solution@ca263c2	209	2380	472	378
Solution@589b3632	209	2735	472	368
Solution@45f45fa1	209	1958	480	373
Solution@4c6e276e	209	2203	460	364
Solution@534df152	209	2894	476	381
Solution@52e677af	209	2894	507	393
Solution@35083305	209	2507	483	379
Solution@8e0379d	209	2198	488	385
Solution@341b80b2	209	2198	469	373
Solution@55a1c291	209	2185	477	382
Solution@2145433b	209	1957	482	388
Solution@2890c451	209	2285	463	368
Solution@40e6dfe1	209	2356	491	390
Solution@1b083826	209	2129	493	383
Solution@105fece7	209	2013	460	361
Solution@3ec300f1	209	2050	471	372
Solution@482cd91f	209	2164	484	378
Solution@123f1134	209	2181	489	383
Solution@7d68ef40	209	2126	493	376
Solution@5b0abc94	209	2126	507	395
Solution@75c072cb	209	2114	500	393
Solution@1f1c7bf6	209	1953	495	394
Solution@25b485ba	209	1945	483	375
Solution@2b546384	209	2301	471	377
Solution@5d740a0f	209	2208	488	380
Solution@214b199c	209	2448	477	367
Solution@20d3d15a	209	2065	478	374
Solution@2893de87	209	2006	453	361
Solution@55ca8de8	209	1927	471	377
Solution@2c34f934	209	2062	452	361
Solution@12d3a4e9	209	1968	466	371
Solution@240237d2	209	2111	474	385
Solution@25a65b77	209	1945	450	369
Solution@2ed0fbae	209	2026	481	390
Solution@212bf671	209	1774	465	365
Solution@14a2f921	209	2099	503	395
Solution@3c87521	209	1976	479	381
Solution@2aece37d	209	1912	479	369
Solution@548a102f	209	2530	482	395
Solution@5762806e	209	1954	490	404
Solution@17c386de	209	1982	486	394
Solution@5af97850	209	2532	476	385
Solution@5ef60048	209	2166	478	384
Solution@1d548a08	209	2431	473	380
Solution@16aa0a0a	209	2153	494	393
Solution@780cb77	209	1774	472	368
Solution@691a7f8f	209	1909	489	378
Solution@50a7bc6e	209	2317	501	398
Solution@161b062a	209	2333	471	378
Solution@17c1bced	209	2241	461	367
Solution@2d9d4f9d	209	2362	489	395
Solution@4034c28c	209	2271	488	385
Solution@e50a6f6	209	2471	490	385
Solution@14ec4505	209	2453	500	388
Solution@53ca01a2	209	2088	493	382
Solution@358c99f5	209	2184	482	384
Solution@3ee0fea4	209	2188	488	396
Solution@48524010	209	2296	469	389
Solution@4b168fa9	209	2385	450	376
Solution@1a84f40f	209	2150	480	394
Solution@23282c25	209	2375	459	383
Solution@7920ba90	209	2034	480	382
Solution@6b419da	209	2127	477	371
Solution@3b2da18f	209	1937	463	387
Solution@5906ebcb	209	2223	475	385
Solution@258e2e41	209	2626	440	356
Solution@3d299e3	209	1841	445	349
Solution@55a561cf	209	2285	484	387
Solution@3b938003	209	1972	470	379
Solution@6f3b5d16	209	2092	471	377
Solution@78b1cc93	209	2093	501	398
Solution@6646153	209	2211	492	382
Solution@21507a04	209	1887	491	381
Solution@143640d5	209	2281	470	387
Solution@6295d394	209	1899	471	376
Solution@475e586c	209	2073	471	371
Solution@657c8ad9	209	2049	484	379
Solution@436a4e4b	209	1919	484	362
Solution@f2f2cc1	209	2009	463	371
Solution@3a079870	209	2190	474	376
Solution@3b2cf7ab	209	2273	466	369
Solution@2aa5fe93	209	2914	494	388
Solution@5c1a8622	209	2322	470	370
Solution@5ad851c9	209	2878	469	375
Solution@6156496	209	1965	470	376
Solution@3c153a1	209	1990	476	375
Solution@b62fe6d	209	1938	467	376
Solution@13acb0d1	209	2021	462	371
Solution@3e3047e6	209	2006	458	374
Solution@37e547da	209	1789	476	368
Solution@2b6856dd	209	2064	470	373
Solution@5db45159	209	1935	455	360
Solution@6107227e	209	1968	466	375
Solution@7c417213	209	1836	446	351
Solution@15761df8	209	1870	470	377
Solution@6ab7a896	209	2197	439	350
Solution@327b636c	209	2037	451	359
Solution@45dd4eda	209	2232	483	390
Solution@60611244	209	2368	493	391
Solution@3745e5c6	209	1828	470	360
Solution@5e4c8041	209	2228	477	376
Solution@71c8becc	209	2043	483	378
Solution@19d37183	209	1897	482	383
Solution@1a0dcaa	209	1956	476	370
Solution@3bd40a57	209	2592	479	387
Solution@fdefd3f	209	2192	467	375
Solution@d83da2e	209	2097	493	394
Solution@a4102b8	209	2093	500	395
Solution@11dc3715	209	2025	502	396
Solution@69930714	209	2011	503	399
Solution@7a52f2a2	209	2227	480	391
Solution@78047b92	209	2183	468	372
Solution@8909f18	209	2086	453	359
Solution@79ca92b9	209	1997	446	361
Solution@1460a8c0	209	2319	461	378
Solution@4f638935	209	2017	483	386
Solution@4387b79e	209	2855	471	377
Solution@6e75aa0d	209	2118	477	372
Solution@7fc229ab	209	2563	481	375
Solution@2cbb3d47	209	1979	488	380
Solution@527e5409	209	1943	480	369
Solution@1198b989	209	2068	480	383
Solution@7ff95560	209	2170	450	356
Solution@add0edd	209	1998	464	375
Solution@2aa3cd93	209	2235	475	384
Solution@7ea37dbf	209	2338	464	369
Solution@4b44655e	209	1975	457	357
Solution@290d210d	209	1926	452	359
Solution@1d76aeea	209	1964	456	367
Solution@78dd667e	209	2010	453	369
Solution@10db82ae	209	2689	454	365
Solution@501edcf1	209	1806	464	364
Solution@78b729e6	209	2124	464	365
Solution@6b4a4e18	209	2171	480	381
Solution@27c86f2d	209	2147	484	380
Solution@197d671	209	2266	479	378
Solution@402e37bc	209	2006	457	356
Solution@79ad8b2f	209	1869	452	356
Solution@1df82230	209	1956	464	357
Solution@22635ba0	209	2236	469	366
Solution@13c10b87	209	1985	469	375
Solution@6a01e23	209	1735	480	369
Solution@5a955565	209	2010	453	350
Solution@6293abcc	209	2005	453	358
Solution@7995092a	209	2332	441	363
Solution@7fc2413d	209	1902	456	371
Solution@f8c1ddd	209	1917	444	357
Solution@70be0a2b	209	1918	449	368
Solution@2133814f	209	1907	455	362
Solution@4c15e7fd	209	1907	467	373
Solution@23986957	209	2067	473	376
Solution@23f7d05d	209	2614	464	373
Solution@1e730495	209	1797	463	362
Solution@7d3a22a9	209	2084	469	368
Solution@1d082e88	209	1820	467	357
Solution@60704c	209	2820	476	362
Solution@6b19b79	209	2213	464	356
Solution@2a32de6c	209	2720	475	372
Solution@7692d9cc	209	2207	503	398
Solution@75f32542	209	2660	490	379
Solution@7f1302d6	209	1885	474	367
Solution@43ee72e6	209	2097	488	377
Solution@23529fee	209	2195	491	379
Solution@4fe767f3	209	2074	492	385
Solution@2805c96b	209	2364	501	394
Solution@184cf7cf	209	2212	498	397
Solution@2fd6b6c7	209	1856	468	362
Solution@5bfa9431	209	1878	451	359
Solution@5db250b4	209	1942	455	357
Solution@223f3642	209	2414	442	356
Solution@38c5cc4c	209	1771	455	360
Solution@37918c79	209	1874	453	358
Solution@78e94dcf	209	2076	458	363
Solution@233fe9b6	209	2190	455	359
Solution@358ee631	209	2011	450	346
Solution@ec756bd	209	2214	485	368
Solution@3c72f59f	209	2132	490	370
Solution@60dcc9fe	209	1967	504	382
Solution@222114ba	209	2005	493	387
Solution@16e7dcfd	209	1902	467	371
Solution@3d121db3	209	1993	451	359
Solution@3b07a0d6	209	2448	479	373
Solution@11a9e7c8	209	2197	478	372
Solution@3901d134	209	2331	469	370
Solution@14d3bc22	209	1853	460	361
Solution@12d4bf7e	209	2725	494	387
Solution@4c1d9d4b	209	2114	492	387
Solution@7b227d8d	209	2421	478	378
Solution@7219ec67	209	2886	481	370
Solution@45018215	209	2135	480	371
Solution@65d6b83b	209	1852	472	361
Solution@d706f19	209	1990	482	370
Solution@30b7c004	209	2308	482	377
Solution@79efed2d	209	1946	457	355
Solution@2928854b	209	2026	497	381
Solution@27ae2fd0	209	1970	458	354
Solution@29176cc1	209	1973	463	365
Solution@2f177a4b	209	2767	443	348
Solution@4278a03f	209	1740	454	351
Solution@147ed70f	209	2233	458	353
Solution@61dd025	209	2066	437	335
Solution@124c278f	209	2370	453	359
Solution@15b204a1	209	2054	474	375
Solution@77167fb7	209	2260	452	359
Solution@1fe20588	209	2389	466	358
Solution@6ce139a4	209	2030	458	355
Solution@6973bf95	209	1821	443	339
Solution@2ddc8ecb	209	2045	464	353
Solution@229d10bd	209	1946	450	364
Solution@47542153	209	2356	468	372
Solution@33afa13b	209	2076	465	373
Solution@7a4ccb53	209	2225	465	368
Solution@309e345f	209	2256	487	384
Solution@56a6d5a6	209	2057	474	379
Solution@18ce0030	209	2364	479	389
Solution@4445629	209	1852	477	380
Solution@45b9a632	209	2144	479	368
Solution@25d250c6	209	2289	482	378
Solution@4df50bcc	209	2275	490	388
Solution@6b26e945	209	2110	494	390
Solution@63a65a25	209	1781	472	367
Solution@54c562f7	209	2011	473	381
Solution@318ba8c8	209	2161	466	387
Solution@6dbb137d	209	2745	468	385
Solution@3c9d0b9d	209	2195	482	382
Solution@43301423	209	2344	475	367
Solution@2f112965	209	2014	477	371
Solution@1a04f701	209	2247	485	387
Solution@4e91d63f	209	2418	479	389
Solution@d4342c2	209	2027	455	375
Solution@2bbf180e	209	2598	470	381
Solution@163e4e87	209	2005	459	365
Solution@56de5251	209	2153	473	381
Solution@419c5f1a	209	1947	469	385
Solution@12b0404f	209	2043	460	372
Solution@769e7ee8	209	2770	469	386
Solution@5276e6b0	209	1949	489	387
Solution@71b1176b	209	2422	482	391
Solution@6193932a	209	2410	463	373
Solution@647fd8ce	209	1939	468	375
Solution@159f197	209	2302	458	363
Solution@78aab498	209	2255	470	370
Solution@5dd6264	209	1829	465	364
Solution@1ffe63b9	209	2185	455	350
Solution@51e5fc98	209	1904	481	385
Solution@7c469c48	209	1943	473	377
Solution@12e61fe6	209	1970	461	363
Solution@7ee955a8	209	2495	464	370
Solution@1677d1	209	2343	453	374
Solution@48fa0f47	209	2343	445	351
Solution@6ac13091	209	1966	466	373
Solution@5e316c74	209	1942	478	375
Solution@6d2a209c	209	2300	475	381
Solution@75329a49	209	2171	493	391
Solution@161479c6	209	1806	478	368
Solution@4313f5bc	209	2203	457	363
Solution@7f010382	209	2251	479	372
Solution@1e802ef9	209	1934	450	351
Solution@2b6faea6	209	2122	432	348
Solution@778d1062	209	2354	452	371
Solution@670002	209	2497	476	374
Solution@1f0f1111	209	2324	468	365
Solution@49c386c8	209	2160	449	377
Solution@56528192	209	2320	466	385
Solution@6e0dec4a	209	2244	457	373
Solution@96def03	209	2089	482	384
Solution@5ccddd20	209	2203	485	400
Solution@1ed1993a	209	2274	473	382
Solution@1f3f4916	209	2248	469	378
Solution@794cb805	209	1820	472	374
Solution@4b5a5ed1	209	2047	478	386
Solution@59d016c9	209	2499	506	403
Solution@3cc2931c	209	2169	494	395
Solution@20d28811	209	2046	461	359
Solution@3967e60c	209	1841	467	371
Solution@60d8c9b7	209	1921	471	374
Solution@48aaecc3	209	2266	474	375
Solution@7c0c77c7	209	1842	483	368
Solution@7adda9cc	209	2169	462	362
Solution@5cee5251	209	1829	464	364
Solution@433d61fb	209	1936	471	372
Solution@5c909414	209	1955	480	382
Solution@4b14c583	209	2216	442	357
Solution@65466a6a	209	2250	455	370
Solution@4ddced80	209	1835	464	359
Solution@1534f01b	209	1829	465	366
Solution@78e117e3	209	2112	471	371
Solution@2ea227af	209	2548	477	386
Solution@4386f16	209	2081	494	398
Solution@363ee3a2	209	2239	488	396
Solution@4690b489	209	2097	457	380
Solution@79b06cab	209	2392	490	397
Solution@3eb7fc54	209	1882	483	384
Solution@7f552bd3	209	1787	471	369
Solution@3c22fc4c	209	2411	470	367
Solution@460d0a57	209	2555	482	391
Solution@47d90b9e	209	1936	481	380
Solution@1184ab05	209	2126	485	378
Solution@3aefe5e5	209	2382	486	384
Solution@149e0f5d	209	2222	477	377
Solution@1b1473ab	209	2206	493	392
Solution@2f7c2f4f	209	2157	473	367
Solution@6af93788	209	1892	477	365
Solution@ef9296d	209	1978	484	386
Solution@36c88a32	209	1939	458	363
Solution@7880cdf3	209	2027	462	366
Solution@5be6e01c	209	2061	467	373
Solution@1c93084c	209	1961	483	383
Solution@6ef888f6	209	2113	489	389
Solution@10e92f8f	209	2475	473	373
Solution@7ce3cb8e	209	1950	471	371
Solution@78b66d36	209	1948	481	376
Solution@5223e5ee	209	1948	468	361
Solution@bef2d72	209	2446	478	384
Solution@69b2283a	209	2446	473	368
Solution@22a637e7	209	2372	461	368
Solution@6fe7aac8	209	2034	470	369
Solution@1d119efb	209	2017	488	375
Solution@659a969b	209	2328	480	375
Solution@76908cc0	209	2443	493	397
Solution@2473d930	209	2032	476	374
Solution@35047d03	209	2129	463	371
Solution@49b0b76	209	2189	517	402
Solution@769f71a9	209	1962	494	386
Solution@4c9f8c13	209	1892	471	357
Solution@5ae50ce6	209	2361	484	379
Solution@6f96c77	209	2274	472	370
Solution@be64738	209	2084	479	376
Solution@3ba9ad43	209	1889	481	370
Solution@49d904ec	209	1884	467	371
Solution@48e4374	209	2052	445	354
Solution@3d680b5a	209	2171	455	375
Solution@4b5d6a01	209	2140	443	359
Solution@4a22f9e2	209	2345	465	372
Solution@3c419631	209	2345	467	380
Solution@418e7838	209	2141	468	360
Solution@61230f6a	209	2017	489	373
Solution@3c130745	209	2019	485	382
Solution@cd3fee8	209	1911	469	358
Solution@3e2e18f2	209	1848	486	366
Solution@470f1802	209	2027	488	372
Solution@63021689	209	2493	478	375
Solution@703580bf	209	1757	481	363
Solution@3e92efc3	209	2124	475	369
Solution@1622f1b	209	2112	483	374
Solution@72a7c7e0	209	2078	488	373
Solution@2e4b8173	209	1972	469	369
Solution@70e8f8e	209	2040	463	368
Solution@17046283	209	2137	451	355
Solution@5bd03f44	209	2065	464	356
Solution@29626d54	209	2289	480	365
Solution@5a63f509	209	2373	470	368
Solution@6e4784bc	209	1824	458	354
Solution@34b7ac2f	209	2045	466	354
Solution@e056f20	209	2102	478	369
Solution@4b0b0854	209	1911	476	351
Solution@19bb07ed	209	2153	490	368
Solution@10e41621	209	1817	461	353
Solution@353d0772	209	1811	481	372
Solution@2667f029	209	2086	480	372
Solution@67a20f67	209	1986	488	379
Solution@57c758ac	209	2086	463	364
Solution@a9cd3b1	209	2086	469	363
Solution@13e39c73	209	2281	470	357
Solution@64cd705f	209	2297	461	361
Solution@9225652	209	2231	486	379
Solution@654f0d9c	209	2177	470	353
Solution@6a400542	209	2177	498	397
Solution@6580cfdd	209	2123	484	382
Solution@7e0b85f9	209	1890	436	348
Solution@63355449	209	2199	447	355
Solution@9353778	209	1960	450	351
Solution@6a28ffa4	209	1809	465	349
Solution@48ae9b55	209	1772	474	359
Solution@1700915	209	1985	492	369
Solution@21de60b4	209	2019	467	373
Solution@c267ef4	209	2151	462	355
Solution@30ee2816	209	2347	468	365
Solution@31d7b7bf	209	2738	479	374
Solution@635eaaf1	209	2057	485	374
Solution@5c30a9b0	209	2065	488	377
Solution@1ddf84b8	209	2293	484	377
Solution@1139b2f3	209	2274	451	362
Solution@7a69b07	209	2498	476	386
Solution@5e82df6a	209	2041	453	361
Solution@3f197a46	209	2451	460	360
Solution@636be97c	209	1861	463	358
Solution@50a638b5	209	2382	481	377
Solution@1817d444	209	1937	475	359
Solution@6ca8564a	209	2016	482	366
Solution@50b472aa	209	1990	469	365
Solution@31368b99	209	2395	470	363
Solution@1725dc0f	209	2516	472	369
Solution@3911c2a7	209	1994	475	367
Solution@4ac3c60d	209	2067	473	373
Solution@4facf68f	209	2223	501	386
Solution@76508ed1	209	2140	486	367
Solution@41e36e46	209	2271	467	361
Solution@15c43bd9	209	1959	485	364
Solution@3d74bf60	209	2305	471	366
Solution@4f209819	209	1922	461	359
Solution@15eb5ee5	209	2410	474	371
Solution@2145b572	209	1961	483	369
Solution@39529185	209	1791	493	387
Solution@72f926e6	209	2167	502	396
Solution@3daa422a	209	1959	478	385
Solution@31c88ec8	209	1974	484	382
Solution@1cbbffcd	209	2074	471	376
Solution@27ce24aa	209	2049	493	389
Solution@481a996b	209	1946	455	369
Solution@3d51f06e	209	1946	464	379
Solution@7ed7259e	209	1951	462	372
Solution@28eaa59a	209	2024	456	363
Solution@3427b02d	209	2206	462	377
Solution@647e447	209	2213	472	374
Solution@41fbdac4	209	2021	463	360
Solution@3c407114	209	2207	483	376
Solution@35ef1869	209	1836	451	355
Solution@c33b74f	209	1827	454	367
Solution@130161f7	209	2097	472	376
Solution@2c767a52	209	2245	478	383
Solution@619713e5	209	2070	489	399
Solution@708f5957	209	2089	459	375
Solution@68999068	209	2089	457	377
Solution@7722c3c3	209	2208	465	381
Solution@2ef3eef9	209	2368	472	387
Solution@243c4f91	209	2076	484	387
Solution@291ae	209	2276	488	406
Solution@61df66b6	209	2050	470	377
Solution@50eac852	209	2123	480	401
Solution@16ec5519	209	2401	454	374
Solution@2f7298b	209	2206	456	383
Solution@188715b5	209	1826	455	375
Solution@1ea9f6af	209	2215	452	374
Solution@6a192cfe	209	2134	451	372
Solution@5119fb47	209	2134	473	387
Solution@7193666c	209	2003	479	389
Solution@20deea7f	209	2337	501	401
Solution@3835c46	209	2381	470	381
Solution@1dde4cb2	209	1852	453	358
Solution@7714e963	209	1997	460	375
Solution@20ce78ec	209	2322	457	370
Solution@393671df	209	1871	450	365
Solution@56620197	209	2139	456	376
Solution@6eda5c9	209	2306	467	375
Solution@55b7a4e0	209	2121	478	387
Solution@5f058f00	209	1964	489	390
Solution@192d43ce	209	2089	480	376
Solution@72057ecf	209	2380	489	392
Solution@1afd44cb	209	2108	469	379
Solution@6973b51b	209	1910	480	383
Solution@1ab3a8c8	209	2249	475	384
Solution@43195e57	209	1895	444	354
Solution@333291e3	209	1941	445	366
Solution@479d31f3	209	2180	483	392
Solution@40ef3420	209	2212	482	387
Solution@498d318c	209	2217	466	380
Solution@6e171cd7	209	1949	476	376
Solution@402bba4f	209	2294	480	381
Solution@795cd85e	209	2356	478	387
Solution@59fd97a8	209	2338	466	386
Solution@f5ac9e4	209	1992	464	373
Solution@123ef382	209	1981	453	366
Solution@dbf57b3	209	2596	470	379
Solution@384ad17b	209	2387	491	388
Solution@61862a7f	209	2031	491	385
Solution@441772e	209	2064	479	389
Solution@7334aada	209	2074	483	388
Solution@1d9b7cce	209	2139	492	393
Solution@4d9e68d0	209	2207	481	390
Solution@42e99e4a	209	2059	493	397
Solution@14dd9eb7	209	2124	497	396
Solution@52e6fdee	209	2212	479	378
Solution@6c80d78a	209	2212	485	397
Solution@62150f9e	209	2361	478	386
Solution@1a451d4d	209	1985	466	387
Solution@7fa98a66	209	1998	470	384
Solution@15ff3e9e	209	1952	454	370
Solution@5fdcaa40	209	2215	470	390
Solution@6dc17b83	209	2230	479	398
Solution@5e0826e7	209	2117	462	380
Solution@32eff876	209	1835	480	374
Solution@8dbdac1	209	2063	492	386
Solution@6e20b53a	209	2284	489	408
Solution@71809907	209	2212	486	396
Solution@3ce1e309	209	2022	475	384
Solution@6aba2b86	209	2046	486	392
Solution@158da8e	209	2255	476	387
Solution@74e52303	209	1852	471	371
Solution@47af7f3d	209	2033	473	378
Solution@7c729a55	209	1820	466	359
Solution@3bb9a3ff	209	2107	489	404
Solution@661972b0	209	1873	456	364
Solution@5af3afd9	209	2081	474	366
Solution@323b36e0	209	2028	488	393
Solution@44ebcd03	209	2184	495	392
Solution@694abbdc	209	2283	473	381
Solution@2e005c4b	209	2044	466	373
Solution@4567f35d	209	2089	456	369
Solution@5ffead27	209	2102	474	384
Solution@6356695f	209	3121	487	398
Solution@4f18837a	209	2103	471	378
Solution@359f7cdf	209	1888	456	364
Solution@1fa268de	209	2367	487	386
Solution@4f6ee6e4	209	2112	486	391
Solution@4466af20	209	2079	472	365
Solution@a514af7	209	2267	479	377
Solution@6b927fb	209	2268	491	387
Solution@3e58a80e	209	1932	484	381
Solution@4fb61f4a	209	2043	450	364
Solution@4fb0f2b9	209	2217	474	380
Solution@79924b	209	2197	458	380
Solution@7b9a4292	209	2290	468	386
Solution@4a94ee4	209	1934	490	399
Solution@4cc451f2	209	2137	490	391
Solution@6379eb	209	1937	450	356
Solution@294425a7	209	2101	455	373
Solution@67d48005	209	2261	469	377
Solution@9f116cc	209	2124	506	387
Solution@12468a38	209	2286	498	389
Solution@1aa7ecca	209	2574	494	392
Solution@59309333	209	2574	483	395
Solution@5876a9af	209	2195	505	403
Solution@7ec7ffd3	209	1867	488	373
Solution@5b239d7d	209	1900	479	367
Solution@6572421	209	2198	463	365
Solution@6b81ce95	209	2002	466	375
Solution@2a798d51	209	1856	470	373
Solution@6d763516	209	2094	484	385
Solution@52bf72b5	209	1920	457	358
Solution@37afeb11	209	2098	469	374
Solution@515aebb0	209	1809	467	372
Solution@dd8ba08	209	2596	459	381
Solution@245b4bdc	209	1859	471	379
Solution@6c64cb25	209	1730	465	364
Solution@6ae5aa72	209	2106	498	391
Solution@222545dc	209	2291	492	401
Solution@5c5eefef	209	2291	490	399
Solution@16293aa2	209	2236	501	398
Solution@5158b42f	209	2277	466	376
Solution@595b007d	209	2835	454	364
Solution@72d1ad2e	209	2322	477	376
Solution@2d7275fc	209	2423	470	373
Solution@399f45b1	209	2431	468	386
Solution@38c6f217	209	2221	473	378
Solution@478190fc	209	2456	470	389
Solution@79e2c065	209	2147	453	359
Solution@3a93b025	209	2112	490	386
Solution@35cabb2a	209	1890	469	371
Solution@7e07db1f	209	2212	490	390
Solution@1189dd52	209	2147	490	394
Solution@36bc55de	209	2344	496	384
Solution@564fabc8	209	2003	502	381
Solution@16d04d3d	209	2055	484	373
Solution@49ec71f8	209	2568	493	388
Solution@1d2adfbe	209	2103	477	371
Solution@36902638	209	2076	475	353
Solution@223d2c72	209	2363	479	370
Solution@8f4ea7c	209	2093	480	373
Solution@436813f3	209	2168	474	360
Solution@74fe5c40	209	2168	470	364
Solution@3febb011	209	2137	451	351
Solution@10e31a9a	209	2098	488	382
Solution@131774fe	209	2217	480	377
Solution@158d2680	209	1923	442	343
Solution@77847718	209	2090	469	358
Solution@7f3b84b8	209	2345	490	382
Solution@57a3af25	209	1882	461	352
Solution@2b662a77	209	1899	477	377
Solution@7f0eb4b4	209	1969	479	367
Solution@5c33f1a9	209	2030	463	359
Solution@1623b78d	209	2551	502	388
Solution@c8c12ac	209	2511	493	380
Solution@6adbc9d	209	2025	486	365
Solution@4550bb58	209	2097	483	369
Solution@4ec4f3a0	209	2526	477	373
Solution@223191a6	209	2022	482	363
Solution@49139829	209	1803	481	367
Solution@9597028	209	1888	482	369
Solution@6069db50	209	2106	474	368
Solution@4efbca5a	209	2432	489	369
Solution@1b7cc17c	209	2215	479	378
Solution@59662a0b	209	2192	471	380
Solution@77fbd92c	209	1868	462	361
Solution@67c27493	209	1969	493	388
Solution@1a482e36	209	1967	484	385
Solution@72967906	209	2544	468	376
Solution@5b8dfcc1	209	2776	481	379
Solution@2f9f7dcf	209	2401	468	369
Solution@747ddf94	209	2723	477	371
Solution@35e2d654	209	1986	467	363
Solution@1bd4fdd	209	2189	465	366
Solution@55183b20	209	1923	485	380
Solution@4f83df68	209	1968	462	364
Solution@6cf0e0ba	209	1858	454	361
Solution@7d8995e	209	2320	484	393
Solution@130d63be	209	2254	460	367
Solution@42a48628	209	2406	490	396
Solution@293a5bf6	209	1937	477	377
Solution@6aeb35e6	209	2212	468	377
Solution@1283bb96	209	2149	470	382
Solution@74f0ea28	209	2537	480	393
Solution@f6efaab	209	2032	456	356
Solution@3c19aaa5	209	1788	469	362
Solution@3349e9bb	209	1958	460	353
Solution@409bf450	209	1821	476	384
Solution@38d8f54a	209	2791	509	397
Solution@49e53c76	209	2549	473	369
Solution@351d00c0	209	2028	473	363
Solution@2a3b5b47	209	2028	491	385
Solution@55b699ef	209	1943	467	365
Solution@35d019a3	209	2419	458	346
Solution@689604d9	209	2057	494	383
Solution@18078bef	209	2011	456	359
Solution@799f10e1	209	2072	477	370
Solution@4c371370	209	2249	494	393
Solution@145f66e3	209	2266	480	379
Solution@3023df74	209	2266	433	345
Solution@313ac989	209	2099	461	370
Solution@4562e04d	209	2553	460	362
Solution@2a65fe7c	209	2174	459	363
Solution@4135c3b	209	2059	472	375
Solution@6302bbb1	209	2046	462	370
Solution@31304f14	209	2438	456	356
Solution@34a3d150	209	2203	461	380
Solution@2a4fb17b	209	2603	458	367
Solution@5c6648b0	209	2109	492	388
Solution@6f1de4c7	209	1903	469	359
Solution@459e9125	209	2062	468	365
Solution@128d2484	209	1785	469	365
Solution@7cc0cdad	209	2064	479	368
Solution@7c7b252e	209	2171	491	387
Solution@4d5d943d	209	2131	484	384
Solution@368f2016	209	2031	466	371
Solution@4c583ecf	209	2237	465	368
Solution@692f203f	209	2273	481	375
Solution@48f2bd5b	209	2193	474	367
Solution@7b2bbc3	209	2315	478	377
Solution@a1153bc	209	2298	492	390
Solution@1aafa419	209	2165	470	368
Solution@47eaca72	209	2062	467	371
Solution@55141def	209	2143	470	364
Solution@55182842	209	2143	456	367
Solution@3270d194	209	2425	469	378
Solution@235834f2	209	2358	470	384
Solution@5656be13	209	2360	476	380
Solution@4218d6a3	209	1995	481	387
Solution@76505305	209	1960	449	371
Solution@14cd1699	209	2347	468	380
Solution@77888435	209	2522	464	387
Solution@73a1e9a9	209	2136	461	374
Solution@71d44a3	209	2028	447	356
Solution@7b98f307	209	1899	480	374
Solution@4802796d	209	1993	471	380
Solution@34123d65	209	1751	481	380
Solution@59474f18	209	2196	471	381
Solution@65fb9ffc	209	2131	493	385
Solution@3e694b3f	209	1949	478	371
Solution@1bb5a082	209	2142	515	392
Solution@78691363	209	2037	496	383
Solution@41d477ed	209	1978	492	368
Solution@3590fc5b	209	2443	498	388
Solution@397fbdb	209	2112	496	386
Solution@33d512c1	209	2042	494	392
Solution@515c6049	209	2173	494	392
Solution@639c2c1d	209	2270	489	396
Solution@5fe94a96	209	2092	491	381
Solution@443118b0	209	2020	482	381
Solution@765d7657	209	1806	479	368
Solution@74235045	209	1888	455	367
Solution@618b19ad	209	2052	471	375
Solution@2d3379b4	209	2145	469	373
Solution@30c15d8b	209	1871	492	391
Solution@5e0e82ae	209	2260	478	386
Solution@6771beb3	209	1890	472	371
Solution@51399530	209	2000	493	384
Solution@6b2ea799	209	1857	482	375
Solution@411f53a0	209	1868	491	382
Solution@2b71e916	209	2302	495	393
Solution@36fc695d	209	2523	475	387
Solution@28701274	209	2028	463	373
Solution@13c9d689	209	2060	457	367
Solution@3754a4bf	209	1896	466	371
Solution@62379589	209	1863	448	364
Solution@4afcd809	209	1899	476	387
Solution@175c2241	209	2541	488	389
Solution@5bf0d49	209	2724	497	397
Solution@5b7a5baa	209	2218	468	375
Solution@776aec5c	209	2187	465	375
Solution@1d296da	209	2148	444	365
Solution@7c7a06ec	209	1873	457	368
Solution@75d4a5c2	209	1831	472	382
Solution@557caf28	209	2234	475	374
Solution@408d971b	209	2387	469	378
Solution@6c6cb480	209	2230	484	391
Solution@3c46e67a	209	1913	479	389
Solution@c730b35	209	2400	485	394
Solution@206a70ef	209	2084	480	387
Solution@292b08d6	209	1904	476	376
Solution@22555ebf	209	2167	460	364
Solution@36ebc363	209	2147	489	400
Solution@45752059	209	1828	474	381
Solution@34e9fd99	209	2178	488	382
Solution@3c41ed1d	209	1734	481	377
Solution@54d9d12d	209	1998	479	380
Solution@38425407	209	2049	494	393
Solution@43bc63a3	209	2219	489	399
Solution@702657cc	209	2129	470	376
Solution@6a6cb05c	209	2144	480	384
Solution@40a4337a	209	1837	470	362
Solution@6025e1b6	209	1989	468	365
Solution@22ff4249	209	2529	484	392
Solution@2d1ef81a	209	2129	464	377
Solution@4c402120	209	2014	488	386
Solution@327514f	209	2251	484	389
Solution@5b12b668	209	2027	462	368
Solution@1165b38	209	1781	461	362
Solution@4c12331b	209	1920	471	370
Solution@7586beff	209	1949	464	371
Solution@3b69e7d1	209	1931	467	366
Solution@815b41f	209	1731	459	368
Solution@5542c4ed	209	1709	457	355
Solution@1573f9fc	209	2011	458	374
Solution@6150c3ec	209	2206	474	397
Solution@44c03695	209	2079	458	376
Solution@7e6f74c	209	2185	451	361
Solution@dd05255	209	2185	473	372
Solution@6a78afa0	209	2503	477	380
Solution@2f4948e4	209	2001	456	357
Solution@1f2586d6	209	1895	485	381
Solution@10683d9d	209	1908	468	374
Solution@3fc2959f	209	2061	499	397
Solution@5aa9e4eb	209	2053	485	387
Solution@6989da5e	209	2614	495	399
Solution@385c9627	209	2431	474	385
Solution@139982de	209	2213	487	384
Solution@682b2fa	209	1998	494	391
Solution@217ed35e	209	2536	484	381
Solution@7dcf94f8	209	2413	511	416
Solution@229f66ed	209	2413	483	372
Solution@31190526	209	2163	473	363
Solution@662ac478	209	2515	474	376
Solution@6743e411	209	1958	457	362
Solution@3eb25e1a	209	1842	477	366
Solution@477b4cdf	209	2021	476	379
Solution@77c2494c	209	2259	463	375
Solution@f5958c9	209	2231	482	384
Solution@233795b6	209	2430	468	369
Solution@3eb738bb	209	2371	483	382
Solution@5bda8e08	209	2175	489	388
Solution@1e800aaa	209	2317	481	382
Solution@185a6e9	209	2079	480	389
Solution@6f03482	209	2309	462	371
Solution@9d5509a	209	2074	471	377
Solution@179ece50	209	2196	470	376
Solution@3b0090a4	209	1912	468	379
Solution@3cd3e762	209	2292	488	389
Solution@1fa121e2	209	1976	469	380
Solution@7eac9008	209	2192	482	385
Solution@4116aac9	209	2270	492	393
Solution@62ddbd7e	209	2127	492	387
Solution@74e52ef6	209	2323	503	399
Solution@6ed3ccb2	209	2071	484	375
Solution@1a677343	209	2049	480	375
Solution@15de0b3c	209	2081	475	377
Solution@489115ef	209	1941	477	378
Solution@3857f613	209	2437	482	379
Solution@198b6731	209	2258	485	377
Solution@7c6908d7	209	1948	500	374
Solution@3c9754d8	209	2339	499	383
Solution@3bf7ca37	209	2519	504	386
Solution@79079097	209	2455	498	384
Solution@4d1c00d0	209	1970	496	369
Solution@4b2bac3f	209	2049	490	370
Solution@4e08711f	209	1893	491	371
Solution@bcec361	209	2024	479	370
Solution@26794848	209	1989	491	386
Solution@302552ec	209	2120	481	388
Solution@3d285d7e	209	2132	484	383
Solution@40005471	209	2299	466	376
Solution@2cd76f31	209	1936	480	373
Solution@367ffa75	209	2073	480	388
Solution@49438269	209	1866	468	376
Solution@ba2f4ec	209	2299	483	400
Solution@1c1bbc4e	209	2174	481	385
Solution@55fe41ea	209	2277	486	385
Solution@fbd1f6	209	2216	493	393
Solution@1ce24091	209	2163	475	381
Solution@5dda768f	209	2295	474	383
Solution@7a8c8dcf	209	2439	481	377
Solution@24269709	209	2224	479	379
Solution@2aceadd4	209	2167	494	382
Solution@24aed80c	209	2048	485	374
Solution@3a52dba3	209	2327	491	395
Solution@2a5c8d3f	209	2121	477	378
Solution@752325ad	209	2236	461	371
Solution@279fedbd	209	2072	488	382
Solution@b3ca52e	209	2005	480	379
Solution@45c7e403	209	2383	477	382
Solution@2925bf5b	209	2429	492	405
Solution@710f4dc7	209	2016	498	394
Solution@1ff4931d	209	1939	474	375
Solution@65e98b1c	209	2140	483	384
Solution@61322f9d	209	2141	459	369
Solution@6ad82709	209	2135	470	388
Solution@510f3d34	209	2137	481	383
Solution@7817fd62	209	1967	487	399
Solution@8297b3a	209	2374	473	379
Solution@2362f559	209	2371	455	369
Solution@b2c9a9c	209	2462	474	384
Solution@4c178a76	209	1878	472	377
Solution@fa4c865	209	1930	464	372
Solution@3bd82cf5	209	2055	474	386
Solution@544fa968	209	2290	467	379
Solution@247bddad	209	2026	487	390
Solution@d35dea7	209	1825	465	378
Solution@7770f470	209	1641	462	364
Solution@5e5d171f	209	1995	460	382
Solution@24313fcc	209	2207	473	391
Solution@7d20d0b	209	1915	461	364
Solution@77f1baf5	209	2178	485	392
Solution@41a2befb	209	2109	463	383
Solution@6c40365c	209	2058	432	343
Solution@7bedc48a	209	1962	476	378
Solution@131ef10	209	2072	456	370
Solution@55b0dcab	209	3037	447	365
Solution@38afe297	209	1952	465	372
Solution@2df3b89c	209	2030	476	376
Solution@23348b5d	209	1995	470	379
Solution@70325e14	209	2314	469	377
Solution@37ceb1df	209	1869	474	380
Solution@7c9d8e2	209	1856	479	376
Solution@20d525	209	1996	493	374
Solution@6200f9cb	209	2242	482	373
Solution@2002fc1d	209	1879	478	367
Solution@69453e37	209	2307	478	377
Solution@6f4a47c7	209	2110	481	385
Solution@ae13544	209	2110	474	390
Solution@3d34d211	209	1789	474	372
Solution@7dc0f706	209	2483	486	393
Solution@4009e306	209	2992	480	393
Solution@43c1b556	209	2126	491	385
Solution@587e5365	209	2135	470	362
Solution@22fcf7ab	209	1857	459	364
Solution@2de23121	209	1952	446	358
Solution@63475ace	209	1859	457	363
Solution@4988d8b8	209	2653	471	386
Solution@c0c2f8d	209	1957	480	382
Solution@305b7c14	209	1892	494	375
Solution@6913c1fb	209	2392	484	377
Solution@66d18979	209	1974	480	373
Solution@bccb269	209	2330	468	368
Solution@609cd4d8	209	2298	467	367
Solution@17f7cd29	209	2340	489	384
Solution@7d8704ef	209	2340	486	394
Solution@13b6aecc	209	2048	485	382
Solution@158a8276	209	1885	490	395
Solution@3c3d9b6b	209	2283	476	386
Solution@79d8407f	209	2025	491	392
Solution@5fbe4146	209	2578	491	386
Solution@1e66f1f5	209	2182	470	361
Solution@4e50c791	209	2256	471	382
Solution@7530ad9c	209	2304	484	391
Solution@58a9760d	209	1906	453	367
Solution@71e9ddb4	209	2075	471	383
Solution@394df057	209	1864	458	373
Solution@4961f6af	209	1853	465	368
Solution@5aebe890	209	1934	462	372
Solution@65d09a04	209	2580	502	409
Solution@33c911a1	209	2276	491	385
Solution@75db5df9	209	2166	467	373
Solution@707194ba	209	1811	491	378
Solution@1190200a	209	1887	494	389
Solution@6a2f6f80	209	2569	486	381
Solution@45b4c3a9	209	2059	473	363
Solution@399c4be1	209	1950	472	371
Solution@291caca8	209	1964	465	375
Solution@385e9564	209	2196	497	385
Solution@5b94b04d	209	1987	479	379
Solution@8c3b9d	209	2090	487	386
Solution@4c39bec8	209	2018	499	400
Solution@f79e	209	2030	476	385
Solution@7ee8290b	209	2319	465	364
Solution@1f59a598	209	2122	477	371
Solution@1e178745	209	1947	494	379
Solution@192c3f1e	209	2022	501	380
Solution@26b3fd41	209	2395	493	387
Solution@7494f96a	209	2225	473	374
Solution@561b6512	209	2155	450	362
Solution@2e377400	209	1917	482	383
Solution@1757cd72	209	2014	466	364
Solution@445b295b	209	2030	454	362
Solution@49e5f737	209	2069	444	358
Solution@5c671d7f	209	2083	470	379
Solution@757277dc	209	2113	468	376
Solution@687e99d8	209	2166	464	388
Solution@e4487af	209	2251	459	362
Solution@6aaceffd	209	1789	473	368
Solution@c86b9e3	209	1803	461	354
Solution@10aa41f2	209	2200	466	369
Solution@3af9c5b7	209	2161	459	362
Solution@37271612	209	3068	470	374
Solution@ed7f8b4	209	2123	477	381
Solution@4c309d4d	209	2309	487	381
Solution@38102d01	209	1996	482	373
Solution@37883b97	209	2568	466	381
Solution@6ab778a	209	1816	451	355
Solution@4e3958e7	209	2207	471	374
Solution@77f80c04	209	1963	481	384
Solution@1dac5ef	209	2250	463	377
Solution@5c90e579	209	2090	469	373
Solution@58ea606c	209	2406	470	379
Solution@6f45df59	209	2067	483	381
Solution@38e79ae3	209	2021	462	367
Solution@63070bab	209	2079	471	371
Solution@68e5eea7	209	2405	477	378
Solution@291b4bf5	209	2281	480	378
Solution@2d2ffcb7	209	1796	474	359
Solution@762ef0ea	209	1854	482	375
Solution@31f9b85e	209	2017	467	368
Solution@424e1977	209	2185	468	367
Solution@10d68fcd	209	2095	468	363
Solution@117e949d	209	2063	456	361
Solution@6db9f5a4	209	2087	466	359
Solution@5f8edcc5	209	2355	464	369
Solution@7b02881e	209	1819	482	375
Solution@1ebd319f	209	1981	449	339
Solution@3c0be339	209	2098	497	378
Solution@15ca7889	209	1999	493	372
