Solution@34ce8af7	976	2230	1394	202
Solution@880ec60	1023	1909	1353	175
Solution@3f3afe78	962	1832	1359	169
Solution@7f63425a	904	1801	1374	175
Solution@36d64342	967	1851	1333	204
Solution@39ba5a14	1022	1743	1349	159
Solution@511baa65	764	1824	1362	179
Solution@340f438e	977	1999	1348	189
Solution@30c7da1e	924	1773	1360	178
Solution@5b464ce8	1021	1776	1344	177
Solution@57829d67	919	2197	1353	226
Solution@19dfb72a	848	1825	1317	195
Solution@17c68925	940	1816	1357	177
Solution@7e0ea639	954	1806	1355	189
Solution@3d24753a	949	1944	1338	191
Solution@59a6e353	1038	1870	1323	173
Solution@7a0ac6e3	965	1827	1328	188
Solution@71be98f5	925	1787	1316	194
Solution@6fadae5d	918	1876	1344	198
Solution@17f6480	1001	1791	1347	176
Solution@2d6e8792	954	1860	1385	205
Solution@2812cbfa	925	1763	1352	168
Solution@2acf57e3	950	2072	1387	190
Solution@506e6d5e	931	2108	1357	185
Solution@96532d6	1050	1743	1332	162
Solution@3796751b	1000	1968	1313	180
Solution@67b64c45	963	1939	1350	185
Solution@4411d970	994	1804	1335	193
Solution@6442b0a6	856	1850	1301	205
Solution@60f82f98	949	1813	1290	184
Solution@35f983a6	941	1810	1319	184
Solution@7f690630	896	1949	1302	202
Solution@edf4efb	1042	1924	1343	193
Solution@2f7a2457	987	2007	1361	180
Solution@566776ad	990	1833	1389	178
Solution@6108b2d7	930	1727	1335	159
Solution@1554909b	952	2185	1345	201
Solution@6bf256fa	925	1934	1326	182
Solution@6cd8737	964	1728	1323	184
Solution@22f71333	931	1963	1332	187
Solution@13969fbe	863	2023	1369	181
Solution@6aaa5eb0	1047	1806	1357	176
Solution@3498ed	917	1925	1339	190
Solution@1a407d53	766	1921	1342	209
Solution@3d8c7aca	851	1831	1324	190
Solution@5ebec15	947	1713	1304	181
Solution@21bcffb5	955	1855	1295	192
Solution@380fb434	889	2054	1340	204
Solution@668bc3d5	975	1765	1315	187
Solution@3cda1055	944	1826	1323	189
Solution@7a5d012c	986	1910	1317	167
Solution@3fb6a447	924	1841	1319	187
Solution@79b4d0f	896	1934	1310	197
Solution@6b2fad11	969	1886	1339	173
Solution@79698539	947	1876	1359	182
Solution@73f792cf	1076	1694	1343	163
Solution@2ed94a8b	986	1797	1334	182
Solution@38082d64	903	1877	1335	208
Solution@dfd3711	909	1881	1305	185
Solution@42d3bd8b	978	1741	1344	182
Solution@26ba2a48	936	1755	1366	185
Solution@5f2050f6	1026	1841	1350	172
Solution@3b81a1bc	949	2059	1385	200
Solution@64616ca2	923	1838	1336	166
Solution@13fee20c	855	1779	1344	174
Solution@4e04a765	950	1958	1364	196
Solution@783e6358	896	1939	1341	208
Solution@17550481	963	1848	1330	176
Solution@735f7ae5	934	1806	1332	177
Solution@180bc464	966	1870	1368	203
Solution@1324409e	958	1794	1338	181
Solution@2c6a3f77	809	1948	1335	196
Solution@246ae04d	938	1829	1360	168
Solution@62043840	1039	1889	1372	201
Solution@5315b42e	944	1744	1331	178
Solution@2ef9b8bc	965	1756	1327	182
Solution@5d624da6	950	1805	1350	198
Solution@1e67b872	984	1881	1353	204
Solution@60addb54	933	2020	1299	165
Solution@3f2a3a5	1020	1969	1360	198
Solution@4cb2c100	974	1741	1331	171
Solution@6fb554cc	922	1721	1324	148
Solution@614c5515	882	1926	1364	188
Solution@77b52d12	965	1881	1357	197
Solution@2d554825	939	2084	1346	172
Solution@68837a77	968	1876	1333	191
Solution@6be46e8f	1013	2404	1344	212
Solution@3567135c	1047	1833	1350	175
Solution@327471b5	968	2115	1377	176
Solution@4157f54e	925	2015	1349	180
Solution@90f6bfd	1006	1976	1352	199
Solution@47f6473	1030	1822	1332	157
Solution@15975490	861	1784	1354	183
Solution@6b143ee9	858	1749	1358	192
Solution@1936f0f5	971	1808	1346	163
Solution@6615435c	982	1877	1357	173
Solution@4909b8da	979	1997	1389	177
Solution@3a03464	858	2038	1383	207
Solution@2d3fcdbd	962	1676	1327	165
Solution@617c74e5	1014	1869	1352	185
Solution@6537cf78	942	2034	1342	208
Solution@67b6d4ae	913	1889	1330	172
Solution@34b7bfc0	942	2156	1353	178
Solution@366e2eef	858	1876	1324	179
Solution@6df97b55	906	1987	1340	199
Solution@3cbbc1e0	1016	1841	1365	179
Solution@35fb3008	1089	1826	1360	174
Solution@7225790e	927	2049	1358	202
Solution@54a097cc	985	2131	1355	213
Solution@36f6e879	1035	2049	1351	187
Solution@5a61f5df	964	1892	1356	197
Solution@3551a94	1035	1915	1330	187
Solution@531be3c5	1007	1963	1328	174
Solution@52af6cff	1061	1788	1344	152
Solution@735b478	877	1968	1352	210
Solution@2c9f9fb0	914	1936	1360	197
Solution@2096442d	965	1934	1359	167
Solution@9f70c54	1021	1842	1369	178
Solution@234bef66	979	1924	1345	180
Solution@737996a0	908	1912	1353	192
Solution@61dc03ce	946	1868	1317	173
Solution@50f8360d	986	2091	1316	184
Solution@2cb4c3ab	1055	1885	1352	168
Solution@13c78c0b	985	2004	1337	180
Solution@12843fce	948	1802	1357	180
Solution@3dd3bcd	946	1672	1320	160
Solution@97e1986	1041	1805	1348	155
Solution@26f67b76	979	1818	1359	178
Solution@153f5a29	1015	1738	1356	165
Solution@7f560810	948	1757	1342	169
Solution@69d9c55	1007	1754	1317	160
Solution@13a57a3b	911	2474	1404	207
Solution@7ca48474	1069	1844	1349	158
Solution@337d0578	984	1966	1356	174
Solution@59e84876	971	1870	1332	180
Solution@61a485d2	966	1841	1311	179
Solution@39fb3ab6	976	1773	1291	172
Solution@6276ae34	896	1863	1336	202
Solution@7946e1f4	977	1777	1309	175
Solution@3c09711b	876	1853	1330	193
Solution@5cc7c2a6	937	1893	1330	189
Solution@b97c004	993	1805	1338	179
Solution@4590c9c3	920	1890	1346	189
Solution@32e6e9c3	988	1951	1337	181
Solution@5056dfcb	918	1865	1342	188
Solution@6574b225	840	1997	1370	199
Solution@2669b199	953	1769	1310	158
Solution@2344fc66	997	1808	1352	184
Solution@458ad742	949	1912	1358	182
Solution@5afa04c	1015	1941	1346	176
Solution@6ea12c19	993	1949	1354	187
Solution@6a024a67	1054	1816	1345	177
Solution@7921b0a2	937	1920	1388	201
Solution@174d20a	958	1961	1339	206
Solution@66d2e7d9	864	1817	1339	180
Solution@1efbd816	929	1841	1314	174
Solution@6a2bcfcb	975	1812	1381	183
Solution@4de8b406	917	1687	1316	156
Solution@3c756e4d	1018	1871	1339	169
Solution@7c0e2abd	1043	2405	1376	202
Solution@48eff760	915	1822	1342	200
Solution@402f32ff	1016	1909	1362	184
Solution@573f2bb1	1001	1977	1345	189
Solution@5ae9a829	968	1762	1337	170
Solution@6d8a00e3	967	1829	1312	161
Solution@548b7f67	931	2477	1355	223
Solution@7ac7a4e4	1023	1919	1356	183
Solution@6d78f375	961	1821	1354	187
Solution@50c87b21	967	2000	1356	180
Solution@5f375618	983	1807	1368	172
Solution@1810399e	969	2296	1358	184
Solution@32d992b2	861	1846	1315	164
Solution@215be6bb	989	1851	1338	190
Solution@4439f31e	989	2100	1352	198
Solution@5dfcfece	965	1845	1318	171
Solution@23ceabc1	916	1940	1333	195
Solution@5d5eef3d	870	2056	1303	190
Solution@56f4468b	965	1837	1368	175
Solution@6cc4c815	878	1998	1344	214
Solution@3a82f6ef	1007	1888	1340	198
Solution@100fc185	925	1807	1310	182
Solution@643b1d11	943	1841	1325	185
Solution@2ef5e5e3	939	1811	1336	176
Solution@36d4b5c	968	1896	1338	174
Solution@6d00a15d	904	1764	1335	167
Solution@51efea79	973	1883	1338	182
Solution@5034c75a	869	1756	1363	179
Solution@396a51ab	928	1815	1345	194
Solution@51081592	904	1942	1327	196
Solution@7f9a81e8	1009	1756	1340	173
Solution@9629756	898	1769	1308	168
Solution@62ee68d8	1017	1882	1354	183
Solution@735b5592	982	1906	1348	196
Solution@58651fd0	988	1794	1323	177
Solution@4520ebad	916	1796	1345	168
Solution@5419f379	961	2202	1366	204
Solution@7dc7cbad	988	1710	1319	158
Solution@d2cc05a	799	1768	1318	181
Solution@4f933fd1	1001	1963	1355	178
Solution@548a9f61	987	1924	1376	172
Solution@1753acfe	893	1808	1329	178
Solution@7c16905e	953	2028	1312	192
Solution@2a2d45ba	940	1823	1325	188
Solution@2a5ca609	946	2080	1377	207
Solution@20e2cbe0	944	1779	1348	192
Solution@68be2bc2	935	1755	1335	179
Solution@28feb3fa	963	1935	1341	195
Solution@675d3402	1047	1902	1346	189
Solution@51565ec2	952	1960	1318	199
Solution@482f8f11	995	1936	1306	197
Solution@1593948d	885	1821	1321	182
Solution@1b604f19	1010	2682	1343	250
Solution@7823a2f9	884	1849	1338	188
Solution@4cc0edeb	949	1739	1335	168
Solution@457e2f02	934	1776	1323	190
Solution@5c7fa833	820	1918	1308	204
Solution@39aeed2f	944	1856	1295	182
Solution@724af044	1002	1771	1365	177
Solution@4678c730	914	2043	1353	216
Solution@6767c1fc	895	1851	1315	178
Solution@29ee9faa	930	1767	1296	187
Solution@c038203	943	1797	1348	192
Solution@cc285f4	971	1730	1329	170
Solution@55f3ddb1	941	1708	1350	153
Solution@8bd1b6a	993	2292	1349	202
Solution@18be83e4	953	1804	1303	174
Solution@cb5822	879	1878	1331	175
Solution@4b9e13df	951	1844	1330	198
Solution@2b98378d	948	1876	1324	180
Solution@475530b9	1004	1868	1339	168
Solution@1d057a39	1064	1771	1347	153
Solution@26be92ad	1024	1897	1350	185
Solution@4c70fda8	773	1661	1308	148
Solution@224edc67	939	2103	1340	196
Solution@14acaea5	921	1842	1347	158
Solution@46d56d67	889	2014	1336	182
Solution@d8355a8	1067	1977	1352	181
Solution@59fa1d9b	926	1925	1347	181
Solution@28d25987	990	1779	1351	165
Solution@4501b7af	882	1987	1298	181
Solution@523884b2	907	1876	1315	177
Solution@5b275dab	997	1912	1358	198
Solution@61832929	966	1919	1357	188
Solution@29774679	873	2043	1352	212
Solution@3ffc5af1	884	1789	1324	175
Solution@5e5792a0	1037	1865	1324	174
Solution@26653222	929	2134	1314	203
Solution@3532ec19	1002	1809	1352	181
Solution@68c4039c	902	1810	1327	172
Solution@ae45eb6	1004	1948	1328	192
Solution@59f99ea	937	1786	1311	180
Solution@27efef64	920	1896	1342	181
Solution@6f7fd0e6	921	1773	1356	176
Solution@47c62251	970	1786	1341	183
Solution@3e6fa38a	939	2031	1367	193
Solution@66a3ffec	927	1915	1365	181
Solution@77caeb3e	976	1867	1368	188
Solution@1e88b3c	1018	1717	1339	159
Solution@42d80b78	991	1984	1340	181
Solution@3bfdc050	963	1962	1378	200
Solution@1bce4f0a	979	1884	1322	185
Solution@5e3a8624	866	1747	1314	175
Solution@5c3bd550	978	1927	1352	191
Solution@91161c7	888	1811	1302	175
Solution@604ed9f0	959	1887	1356	204
Solution@6a4f787b	948	1853	1297	170
Solution@685cb137	930	1982	1348	194
Solution@6a41eaa2	932	1778	1306	162
Solution@7cd62f43	959	1922	1330	198
Solution@6d4b1c02	915	1812	1340	200
Solution@6093dd95	989	1971	1358	201
Solution@5622fdf	971	1934	1365	174
Solution@4883b407	1063	1907	1355	188
Solution@7d9d1a19	987	2014	1349	190
Solution@39c0f4a	1004	1777	1370	170
Solution@1794d431	1031	1887	1369	168
Solution@42e26948	981	2228	1378	219
Solution@57baeedf	979	1874	1393	195
Solution@343f4d3d	935	1875	1354	185
Solution@53b32d7	1023	2088	1350	195
Solution@5442a311	998	1882	1344	174
Solution@548e7350	999	1971	1325	171
Solution@1a968a59	1020	2503	1360	224
Solution@4667ae56	960	1880	1366	191
Solution@77cd7a0	950	1787	1348	168
Solution@204f30ec	844	1908	1333	208
Solution@e25b2fe	1011	1809	1345	181
Solution@754ba872	938	2263	1354	211
Solution@146ba0ac	959	1861	1331	194
Solution@4dfa3a9d	1004	1865	1359	175
Solution@6eebc39e	974	1776	1323	163
Solution@464bee09	763	2018	1375	182
Solution@f6c48ac	1055	1899	1385	199
Solution@13deb50e	945	1900	1288	181
Solution@239963d8	954	1749	1339	168
Solution@3abbfa04	918	1894	1354	191
Solution@57fffcd7	1005	1899	1353	207
Solution@31ef45e3	929	1789	1365	183
Solution@598067a5	1005	2126	1323	184
Solution@3c0ecd4b	912	1811	1350	198
Solution@14bf9759	928	1962	1354	205
Solution@5f341870	920	1993	1333	202
Solution@553f17c	996	2167	1338	199
Solution@4f7d0008	908	1951	1347	203
Solution@271053e1	1007	2063	1327	197
Solution@589838eb	1008	1998	1332	191
Solution@42dafa95	883	1892	1377	208
Solution@6500df86	1051	1840	1353	177
Solution@402a079c	895	2122	1377	198
Solution@59ec2012	951	2306	1358	222
Solution@4cf777e8	871	1783	1344	185
Solution@2f686d1f	1053	1766	1373	171
Solution@3fee9989	863	1919	1362	223
Solution@73ad2d6	969	1945	1356	202
Solution@7085bdee	956	1743	1334	173
Solution@1ce92674	881	1763	1371	202
Solution@5700d6b1	852	1813	1299	162
Solution@6fd02e5	922	1759	1324	202
Solution@5bcab519	994	1802	1368	175
Solution@e45f292	858	1757	1365	185
Solution@5f2108b5	1005	1796	1334	154
Solution@31a5c39e	934	1966	1366	181
Solution@3f49dace	990	1933	1355	196
Solution@1e397ed7	907	1983	1351	205
Solution@490ab905	983	1794	1335	166
Solution@56ac3a89	907	1926	1337	209
Solution@27c20538	955	1828	1307	184
Solution@72d818d1	1038	1951	1369	195
Solution@6e06451e	982	1749	1332	164
Solution@59494225	991	1764	1302	162
Solution@6e1567f1	937	1850	1333	178
Solution@5cb9f472	870	1940	1340	181
Solution@cb644e	1012	1830	1323	172
Solution@13805618	1029	1833	1360	184
Solution@56ef9176	961	1989	1336	181
Solution@4566e5bd	1006	1958	1324	169
Solution@1ed4004b	849	1700	1329	183
Solution@ff5b51f	949	1889	1340	197
Solution@25bbe1b6	961	1848	1309	174
Solution@5702b3b1	918	1985	1333	189
Solution@69ea3742	1036	1849	1364	175
Solution@4b952a2d	989	2046	1324	177
Solution@3159c4b8	1057	1949	1338	174
Solution@73846619	818	1871	1343	194
Solution@4bec1f0c	925	1897	1326	185
Solution@29ca901e	948	1936	1363	182
Solution@5649fd9b	982	2351	1332	183
Solution@6adede5	974	1818	1346	181
Solution@2d928643	943	1806	1347	174
Solution@5025a98f	990	1887	1360	187
Solution@49993335	1024	1954	1359	192
Solution@20322d26	1056	1903	1338	189
Solution@192b07fd	971	1924	1386	191
Solution@64bfbc86	951	1814	1375	170
Solution@64bf3bbf	939	2003	1374	173
Solution@55d56113	912	1980	1364	169
Solution@148080bb	865	1827	1341	186
Solution@dc24521	1034	1692	1348	171
Solution@10bdf5e5	923	1901	1322	176
Solution@6e1ec318	961	1826	1344	177
Solution@7e0b0338	950	1762	1363	182
Solution@617faa95	865	1861	1334	185
Solution@1e127982	898	1951	1323	189
Solution@60c6f5b	1005	1812	1361	172
Solution@2038ae61	984	1854	1375	172
Solution@3c0f93f1	1010	1900	1349	178
Solution@31dc339b	984	1884	1343	194
Solution@544fe44c	1007	1885	1348	175
Solution@31610302	947	1703	1356	164
Solution@71318ec4	913	1950	1333	168
Solution@21213b92	1047	1814	1346	158
Solution@a67c67e	895	1924	1328	175
Solution@3327bd23	870	1710	1331	176
Solution@4e1d422d	1023	2155	1381	199
Solution@66480dd7	970	1758	1359	149
Solution@52a86356	860	1777	1331	169
Solution@5ce81285	926	1802	1325	187
Solution@78c03f1f	1002	1702	1336	169
Solution@5ec0a365	977	1956	1325	199
Solution@4fe3c938	951	1912	1321	203
Solution@5383967b	1018	1945	1367	194
Solution@2ac273d3	901	2105	1345	201
Solution@71423665	1004	2241	1337	191
Solution@20398b7c	993	1885	1345	176
Solution@6fc6f14e	952	1780	1364	188
Solution@56235b8e	896	1795	1324	164
Solution@3632be31	987	1653	1307	162
Solution@5abca1e0	1061	1790	1366	185
Solution@2286778	949	1951	1311	201
Solution@4e9ba398	903	1794	1332	178
Solution@6d7b4f4c	940	1816	1316	183
Solution@527740a2	790	1887	1318	185
Solution@13a5fe33	965	2019	1362	188
Solution@3108bc	956	1821	1320	169
Solution@370736d9	1017	1961	1354	187
Solution@5f9d02cb	903	1788	1321	173
Solution@63753b6d	835	2169	1362	191
Solution@6b09bb57	940	1917	1358	191
Solution@6536e911	1012	1837	1345	159
Solution@520a3426	1017	1763	1317	156
Solution@18eed359	919	1799	1348	191
Solution@3e9b1010	953	1914	1350	185
Solution@6c3708b3	828	1831	1359	202
Solution@6f1fba17	980	2048	1354	195
Solution@185d8b6	1045	1926	1372	196
Solution@67784306	876	1843	1336	190
Solution@335eadca	882	1758	1326	181
Solution@210366b4	999	1871	1374	207
Solution@eec5a4a	933	1742	1322	172
Solution@2b2948e2	880	1843	1355	200
Solution@6ddf90b0	1002	1790	1327	173
Solution@57536d79	1006	1864	1337	175
Solution@3b0143d3	982	1861	1346	187
Solution@5a8e6209	960	1846	1319	178
Solution@4b4523f8	959	1886	1338	179
Solution@731a74c	919	1783	1358	176
Solution@369f73a2	992	1965	1347	200
Solution@1f28c152	994	2085	1366	188
Solution@7d907bac	965	2017	1358	186
Solution@7791a895	950	1926	1326	182
Solution@3a5ed7a6	1001	1730	1318	169
Solution@6325a3ee	883	2048	1333	214
Solution@1d16f93d	920	2313	1340	208
Solution@67b92f0a	980	1752	1312	183
Solution@2b9627bc	942	1810	1320	167
Solution@65e2dbf3	972	1903	1338	180
Solution@4f970963	979	1866	1349	183
Solution@61f8bee4	957	2122	1356	197
Solution@7b49cea0	1078	1989	1374	179
Solution@887af79	876	2025	1360	198
Solution@7fac631b	856	1775	1342	175
Solution@5b87ed94	916	1787	1345	171
Solution@6e0e048a	992	1808	1337	173
Solution@5bc79255	1016	1881	1344	175
Solution@47ef968d	1010	1784	1312	163
Solution@23e028a9	990	1658	1320	159
Solution@3dd4520b	1012	1807	1341	180
Solution@5ae63ade	964	1788	1340	174
Solution@610694f1	961	1694	1338	160
Solution@43814d18	1001	1668	1327	148
Solution@5c5a1b69	813	1904	1347	203
Solution@3701eaf6	964	1828	1313	182
Solution@627551fb	987	1780	1348	191
Solution@2b552920	959	1602	1317	153
Solution@2758fe70	910	1873	1334	196
Solution@1f36e637	885	1968	1342	187
Solution@578486a3	958	2394	1328	222
Solution@551aa95a	949	2231	1301	196
Solution@35d176f7	1012	1924	1327	188
Solution@1dfe2924	945	1859	1333	174
Solution@6ebc05a6	839	1928	1307	177
Solution@6e6c3152	924	1865	1311	193
Solution@50b494a6	1021	1768	1326	175
Solution@3cef309d	1025	1882	1352	180
Solution@32709393	930	1873	1332	200
Solution@3d99d22e	981	2209	1349	206
Solution@49fc609f	920	1721	1304	174
Solution@cd2dae5	812	1738	1311	160
Solution@3a883ce7	953	2043	1341	210
Solution@4973813a	976	1987	1332	179
Solution@6321e813	1027	1859	1342	206
Solution@79be0360	1058	1878	1369	169
Solution@22a67b4	829	1791	1320	168
Solution@57855c9a	943	1976	1347	202
Solution@3b084709	897	1768	1332	192
Solution@3224f60b	976	1836	1324	196
Solution@63e2203c	920	1858	1314	168
Solution@1efed156	973	1834	1329	183
Solution@6737fd8f	992	1972	1370	189
Solution@72b6cbcc	906	2039	1357	196
Solution@a7e666	896	1835	1345	173
Solution@68bbe345	1038	1773	1330	171
Solution@30b8a058	892	1792	1296	173
Solution@7494e528	1023	1805	1358	180
Solution@4bbfb90a	991	1948	1331	200
Solution@7c29daf3	930	1725	1333	171
Solution@9660f4e	956	1875	1346	201
Solution@5a8806ef	931	1878	1284	170
Solution@6c49835d	943	1834	1348	184
Solution@5e853265	994	1818	1336	173
Solution@67205a84	968	2028	1379	209
Solution@7d0587f1	868	1798	1298	172
Solution@5d76b067	939	1803	1313	159
Solution@2a17b7b6	907	1889	1335	186
Solution@4f063c0a	1002	1918	1388	199
Solution@1e6d1014	1013	2007	1368	201
Solution@76707e36	1035	1914	1336	182
Solution@614ddd49	1020	1935	1346	177
Solution@1f554b06	1004	1845	1334	166
Solution@694e1548	970	1871	1342	186
Solution@1c3a4799	1007	1846	1369	183
Solution@131276c2	986	1813	1350	173
Solution@26aa12dd	810	1905	1355	183
Solution@3fd7a715	859	1778	1336	206
Solution@711f39f9	924	1825	1333	198
Solution@71bbf57e	916	1821	1313	192
Solution@7f13d6e	1049	2118	1355	173
Solution@51cdd8a	976	2356	1353	223
Solution@d44fc21	946	1766	1338	167
Solution@23faf8f2	989	1975	1348	194
Solution@2d6eabae	940	2083	1350	196
Solution@4e7dc304	954	1932	1381	193
Solution@64729b1e	887	1988	1338	187
Solution@10bbd20a	1001	1838	1347	184
Solution@48503868	1024	2238	1366	187
Solution@6895a785	1042	2345	1363	188
Solution@184f6be2	946	1803	1345	183
Solution@56aac163	947	2013	1354	187
Solution@1f7030a6	957	1939	1334	169
Solution@5a1c0542	1001	1733	1292	158
Solution@396f6598	879	2212	1334	205
Solution@394e1a0f	925	2014	1377	201
Solution@27a5f880	1011	1784	1343	179
Solution@1d29cf23	981	1885	1304	180
Solution@5f282abb	878	1999	1350	209
Solution@167fdd33	935	2061	1349	182
Solution@1e965684	963	1898	1337	190
Solution@4d95d2a2	906	1972	1336	200
Solution@53f65459	902	2104	1368	205
Solution@3b088d51	915	1682	1295	168
Solution@1786dec2	907	1679	1339	176
Solution@74650e52	965	1801	1353	182
Solution@15d0c81b	979	2008	1363	231
Solution@6acdbdf5	921	1914	1339	178
Solution@4b1c1ea0	907	2092	1326	189
Solution@17579e0f	878	1940	1354	205
Solution@4d41cee	941	1871	1336	206
Solution@3712b94	945	2064	1325	196
Solution@2833cc44	988	1914	1303	186
Solution@33f88ab	887	2005	1364	192
Solution@27a8c74e	943	1845	1321	181
Solution@2d8f65a4	935	1722	1330	189
Solution@1b68ddbd	924	2008	1338	198
Solution@646d64ab	956	1715	1336	167
Solution@59e5ddf	918	2015	1337	208
Solution@536aaa8d	915	1849	1345	195
Solution@e320068	882	1760	1335	186
Solution@1f57539	978	1842	1364	173
Solution@76f2b07d	1010	1897	1397	180
Solution@704a52ec	1019	1759	1331	186
Solution@6ee52dcd	891	1918	1341	192
Solution@4493d195	968	1891	1366	191
Solution@2781e022	869	1863	1362	183
Solution@57e1b0c	993	1865	1372	172
Solution@4232c52b	941	1845	1357	191
Solution@1877ab81	955	1748	1332	161
Solution@305fd85d	979	1816	1336	198
Solution@458c1321	975	1847	1339	204
Solution@11438d26	828	1863	1360	182
Solution@34cd072c	981	1889	1348	179
Solution@7a1ebcd8	1010	1777	1362	169
Solution@5faeada1	1019	1796	1347	163
Solution@528931cf	956	2025	1368	195
Solution@ea1a8d5	961	2119	1349	209
Solution@1563da5	955	1923	1340	198
Solution@2bbf4b8b	961	2028	1374	202
Solution@30a3107a	928	1824	1344	197
Solution@33c7e1bb	910	1852	1331	184
Solution@34c4973	792	1750	1304	169
Solution@52feb982	996	1911	1337	212
Solution@7a765367	976	1924	1329	176
Solution@76b0bfab	1003	1789	1336	170
Solution@17d677df	925	1875	1378	193
Solution@3043fe0e	948	2024	1356	197
Solution@78e67e0a	981	1821	1341	178
Solution@bd8db5a	1027	1843	1399	179
Solution@2f943d71	769	2070	1341	194
Solution@80503	915	1941	1345	194
Solution@4b553d26	1025	1852	1389	186
Solution@69a3d1d	1034	1891	1357	180
Solution@86be70a	946	1827	1357	184
Solution@480bdb19	982	1690	1359	171
Solution@2a556333	1036	1914	1359	179
Solution@7d70d1b1	919	1998	1334	190
Solution@2a742aa2	953	1816	1321	173
Solution@3cb1ffe6	951	1721	1338	170
Solution@3dfc5fb8	968	1805	1304	172
Solution@467aecef	857	1706	1324	159
Solution@4d50efb8	938	1837	1313	175
Solution@7e2d773b	843	1921	1342	193
Solution@2173f6d9	938	1919	1355	188
Solution@307f6b8c	865	1950	1366	196
Solution@7a187f14	872	1846	1333	177
Solution@6f195bc3	842	1859	1352	194
Solution@51e2adc7	982	1877	1321	176
Solution@1a8a8f7c	924	1956	1350	179
Solution@2353b3e6	977	1834	1348	171
Solution@631330c	860	2059	1359	185
Solution@42f93a98	962	1931	1343	206
Solution@c46bcd4	866	1809	1342	175
Solution@3234e239	980	1768	1329	162
Solution@3d921e20	1026	1922	1346	184
Solution@36b4cef0	985	1817	1342	176
Solution@fad74ee	907	1798	1344	186
Solution@1a1d6a08	982	1717	1308	163
Solution@37d31475	959	1814	1331	194
Solution@27808f31	828	1815	1323	171
Solution@436e852b	853	1747	1277	171
Solution@32d2fa64	840	1925	1290	190
Solution@1d8d30f7	768	1903	1321	194
Solution@3e57cd70	1000	1886	1343	197
Solution@9a7504c	953	1885	1372	186
Solution@2c039ac6	970	1702	1336	175
Solution@587d1d39	989	1966	1370	191
Solution@58c1670b	1014	2194	1357	195
Solution@6b57696f	988	1753	1318	174
Solution@5bb21b69	948	2047	1343	209
Solution@6b9651f3	874	1758	1306	163
Solution@38bc8ab5	829	1782	1306	184
Solution@687080dc	960	1830	1327	180
Solution@23d2a7e8	939	2088	1333	218
Solution@7a9273a8	914	1814	1320	202
Solution@26a7b76d	810	1964	1306	204
Solution@4abdb505	934	1904	1314	180
Solution@7ce6a65d	972	1921	1345	200
Solution@1500955a	988	1719	1313	165
Solution@e874448	934	1987	1307	180
Solution@29b5cd00	999	1911	1363	172
Solution@60285225	917	1949	1344	195
Solution@7113b13f	903	1663	1316	167
Solution@45820e51	904	1842	1301	177
Solution@42d8062c	938	1832	1347	183
Solution@6043cd28	1014	2061	1355	202
Solution@cb51256	909	1865	1313	173
Solution@59906517	927	1827	1343	186
Solution@5bfbf16f	857	1915	1335	197
Solution@25af5db5	942	1825	1347	174
Solution@12cdcf4	863	2058	1349	198
Solution@5bcea91b	959	1904	1357	174
Solution@5f3a4b84	891	1942	1371	205
Solution@27f723	852	1865	1333	183
Solution@670b40af	903	2004	1353	186
Solution@4923ab24	967	1832	1337	170
Solution@44c8afef	1013	1908	1353	181
Solution@7b69c6ba	835	1869	1334	194
Solution@46daef40	1001	1796	1335	180
Solution@12f41634	900	1861	1343	193
Solution@13c27452	805	1856	1363	201
Solution@262b2c86	992	1924	1340	185
Solution@371a67ec	926	1992	1342	202
Solution@5ed828d	828	1862	1316	195
Solution@50d0686	1011	2111	1360	200
Solution@7a3d45bd	930	1939	1343	179
Solution@1e7c7811	916	2024	1349	180
Solution@77ec78b9	873	2013	1359	198
Solution@1a3869f4	977	1943	1353	189
Solution@a38d7a3	834	1889	1346	168
Solution@77f99a05	926	1862	1327	192
Solution@63440df3	892	2129	1313	196
Solution@3aeaafa6	961	1731	1305	170
Solution@76a3e297	961	1761	1348	165
Solution@4d3167f4	960	2008	1333	190
Solution@ed9d034	899	1799	1336	184
Solution@6121c9d6	978	1760	1336	180
Solution@87f383f	926	1862	1350	182
Solution@4eb7f003	1028	1877	1344	193
Solution@eafc191	1021	1687	1332	152
Solution@612fc6eb	913	1789	1312	185
Solution@1060b431	1037	1947	1375	184
Solution@612679d6	920	1996	1375	197
Solution@11758f2a	798	1763	1332	168
Solution@e720b71	987	1796	1366	175
Solution@1b26f7b2	952	1778	1333	165
Solution@491cc5c9	1032	1865	1341	185
Solution@74ad1f1f	996	1890	1364	189
Solution@6a1aab78	931	2278	1388	235
Solution@462d5aee	977	1759	1349	193
Solution@69b0fd6f	1019	1816	1356	177
Solution@757942a1	990	2328	1377	241
Solution@4a87761d	1030	1845	1336	180
Solution@66d1af89	939	1961	1356	195
Solution@8646db9	1005	1788	1349	177
Solution@37374a5e	1039	1966	1368	185
Solution@4671e53b	952	1827	1328	184
Solution@2db7a79b	1033	1776	1314	170
Solution@6950e31	964	1821	1342	179
Solution@b7dd107	986	1727	1368	192
Solution@42eca56e	942	2076	1371	195
Solution@52f759d7	805	2089	1378	221
Solution@7cbd213e	925	1889	1339	205
Solution@192d3247	996	1912	1342	189
Solution@3ecd23d9	915	1771	1337	189
Solution@569cfc36	908	2017	1359	204
Solution@43bd930a	943	1771	1328	171
Solution@33723e30	912	1760	1354	183
Solution@64f6106c	940	2008	1362	185
Solution@553a3d88	1035	1894	1359	184
Solution@7a30d1e6	824	1782	1319	179
Solution@5891e32e	910	2113	1327	195
Solution@cb0ed20	992	1741	1332	165
Solution@8e24743	885	1785	1324	165
Solution@74a10858	977	1900	1291	148
Solution@23fe1d71	910	2171	1362	211
Solution@28ac3dc3	1005	1732	1298	162
Solution@32eebfca	993	1725	1317	164
Solution@4e718207	967	1929	1345	194
Solution@1d371b2d	999	1699	1335	160
Solution@543c6f6d	1005	2204	1353	185
Solution@13eb8acf	958	1819	1369	160
Solution@51c8530f	1027	2059	1353	178
Solution@7403c468	983	1928	1374	194
Solution@43738a82	971	1820	1357	193
Solution@c81cdd1	965	1943	1370	186
Solution@1fc2b765	931	2046	1365	202
Solution@75881071	907	1795	1332	173
Solution@2a70a3d8	1055	2160	1363	187
Solution@289d1c02	834	1926	1339	197
Solution@22eeefeb	946	1934	1319	198
Solution@17d0685f	982	1843	1343	196
Solution@3891771e	935	1762	1300	174
Solution@78ac1102	853	1812	1319	204
Solution@2de8284b	982	2075	1333	204
Solution@396e2f39	966	1748	1327	193
Solution@a74868d	987	1964	1341	185
Solution@12c8a2c0	1021	1985	1350	183
Solution@7e0e6aa2	933	1890	1329	160
Solution@365185bd	920	1826	1355	183
Solution@18bf3d14	952	1844	1320	185
Solution@4fb64261	946	2042	1353	192
Solution@42607a4f	971	1852	1341	191
Solution@782663d3	983	2003	1348	185
Solution@1990a65e	982	1838	1349	172
Solution@64485a47	909	1719	1340	160
Solution@25bbf683	926	1751	1325	182
Solution@6ec8211c	959	1872	1340	194
Solution@7276c8cd	901	2180	1341	222
Solution@544a2ea6	922	2135	1332	215
Solution@2e3fc542	974	1910	1335	211
Solution@150c158	950	1930	1354	216
Solution@4524411f	1076	2007	1369	185
Solution@401e7803	994	1987	1351	183
Solution@10dba097	981	1839	1319	186
Solution@1786f9d5	928	1876	1331	190
Solution@704d6e83	951	1660	1313	155
Solution@43a0cee9	950	1771	1295	144
Solution@eb21112	914	1714	1317	182
Solution@2eda0940	988	1713	1332	154
Solution@3578436e	963	1870	1348	164
Solution@706a04ae	1075	1812	1368	164
Solution@6eceb130	941	1795	1385	174
Solution@10a035a0	1051	1982	1343	182
Solution@67b467e9	983	1830	1366	202
Solution@47db50c5	911	1946	1369	198
Solution@5c072e3f	991	1888	1340	170
Solution@4d1b0d2a	913	1849	1360	184
Solution@954b04f	948	1860	1341	194
Solution@149494d8	962	1783	1333	181
Solution@710726a3	970	1866	1325	192
Solution@646007f4	938	2027	1307	172
Solution@481a15ff	1035	1879	1354	191
Solution@78186a70	1042	1974	1364	185
Solution@306279ee	823	1989	1381	209
Solution@545997b1	779	1756	1314	180
Solution@4cf4d528	1016	2209	1309	202
Solution@77846d2c	969	1891	1334	184
Solution@548ad73b	968	1923	1389	204
Solution@4c762604	891	1794	1327	176
Solution@2641e737	963	1814	1367	191
Solution@727803de	1002	1801	1370	190
Solution@704921a5	941	2053	1362	181
Solution@df27fae	905	1902	1342	190
Solution@24a35978	880	1756	1327	180
Solution@16f7c8c1	952	1727	1346	177
Solution@2f0a87b3	962	1811	1370	180
Solution@319b92f3	994	2049	1320	192
Solution@fcd6521	983	2443	1350	219
Solution@27d415d9	816	1897	1333	180
Solution@5c18298f	956	1909	1361	188
Solution@31f924f5	952	1681	1331	169
Solution@5579bb86	882	1931	1326	178
Solution@5204062d	928	1928	1305	207
Solution@4fcd19b3	918	1916	1352	195
Solution@376b4233	956	1773	1345	175
Solution@2fd66ad3	868	1881	1319	191
Solution@5d11346a	911	2042	1317	170
Solution@7a36aefa	923	1845	1343	188
Solution@17211155	1061	1940	1362	184
Solution@b3d7190	943	2308	1341	200
Solution@5fdba6f9	986	1844	1372	182
Solution@10d59286	928	1803	1335	180
Solution@fe18270	963	1807	1355	185
Solution@6fb0d3ed	901	1715	1307	167
Solution@6dde5c8c	977	1957	1350	203
Solution@5123a213	1008	2032	1362	201
Solution@52525845	1015	1846	1328	167
Solution@3b94d659	972	1789	1318	180
Solution@24b1d79b	968	1745	1333	173
Solution@68ceda24	937	1721	1304	167
Solution@281e3708	915	2212	1329	201
Solution@35a50a4c	956	1853	1345	191
Solution@1f021e6c	982	1943	1357	188
Solution@103f852	938	1977	1346	198
Solution@587c290d	1028	1788	1357	180
Solution@4516af24	963	1717	1342	170
Solution@4ae82894	852	1957	1326	188
Solution@543788f3	1006	2036	1392	193
Solution@6d3af739	1029	1919	1368	182
Solution@1da51a35	926	2881	1343	230
Solution@16022d9d	965	1907	1321	170
Solution@7e9a5fbe	969	2118	1347	189
Solution@44a3ec6b	965	1743	1328	175
Solution@71623278	975	1970	1341	202
Solution@768b970c	881	1860	1313	192
Solution@5a4041cc	932	2155	1346	199
Solution@15b3e5b	833	1873	1357	193
Solution@61ca2dfa	986	1643	1322	150
Solution@4b53f538	913	1856	1314	184
Solution@134593bf	941	1745	1330	172
Solution@4bb4de6a	1069	1826	1379	172
Solution@7ba18f1b	900	1894	1315	192
Solution@2f8f5f62	1032	1863	1326	170
Solution@1068e947	957	1846	1341	177
Solution@7dc222ae	1021	2009	1323	176
Solution@aecb35a	976	1811	1360	155
Solution@5fcd892a	875	1826	1316	183
Solution@8b87145	915	2134	1347	217
Solution@6483f5ae	920	1863	1334	190
Solution@b9afc07	935	1928	1338	174
Solution@382db087	977	1894	1349	199
Solution@73d4cc9e	906	1863	1379	185
Solution@80169cf	976	1855	1350	182
Solution@5427c60c	1063	1932	1395	197
Solution@15bfd87	963	1845	1356	207
Solution@543e710e	929	2048	1330	179
Solution@57f23557	892	1986	1324	185
Solution@3d0f8e03	936	2177	1320	201
Solution@6366ebe0	950	1928	1344	179
Solution@44f75083	1007	1922	1345	183
Solution@2698dc7	1063	1842	1365	173
Solution@43d7741f	999	1942	1329	173
Solution@17baae6e	970	1886	1381	190
Solution@69379752	1004	1826	1318	173
Solution@27fe3806	1006	1820	1347	181
Solution@5f71c76a	979	1925	1353	208
Solution@1d7acb34	996	1857	1314	193
Solution@48a242ce	916	1806	1337	197
Solution@1e4a7dd4	844	2021	1355	223
Solution@4f51b3e0	941	1737	1326	175
Solution@4b9e255	989	1852	1329	182
Solution@5e57643e	931	1864	1352	188
Solution@133e16fd	906	1756	1314	170
Solution@51b279c9	951	1846	1356	186
Solution@1ad282e0	905	2048	1364	199
Solution@7f416310	956	2095	1412	196
Solution@1cab0bfb	878	1768	1364	183
Solution@5e955596	857	2055	1347	207
Solution@50de0926	931	1849	1324	177
Solution@2473b9ce	1006	2173	1362	189
Solution@60438a68	972	1906	1303	178
Solution@140e5a13	998	2106	1363	206
Solution@3439f68d	929	1861	1321	197
Solution@dbd940d	914	1826	1317	171
Solution@71d15f18	969	1889	1354	190
Solution@17695df3	1039	1921	1336	177
Solution@6c9f5c0d	1014	1772	1348	173
Solution@de3a06f	906	2086	1358	209
Solution@76b10754	1021	1694	1338	157
Solution@2bea5ab4	950	2079	1313	192
Solution@3d8314f0	998	1812	1350	180
Solution@2df32bf7	950	1851	1315	163
Solution@530612ba	923	1735	1333	170
Solution@2a40cd94	934	1813	1318	188
Solution@f4168b8	940	1913	1336	179
Solution@3bd94634	874	1896	1350	195
Solution@58a90037	810	2121	1325	185
Solution@74294adb	919	1909	1325	182
Solution@70a9f84e	991	1829	1342	187
Solution@130f889	963	2017	1329	193
Solution@1188e820	1001	1897	1323	175
Solution@2f490758	963	1930	1360	213
Solution@101df177	1012	1774	1336	171
Solution@166fa74d	960	1867	1356	170
Solution@40f08448	962	1890	1352	199
Solution@276438c9	901	2083	1333	195
Solution@588df31b	956	2136	1371	189
Solution@33b37288	905	1839	1338	172
Solution@77a57272	913	1883	1366	201
Solution@7181ae3f	975	1747	1337	165
Solution@46238e3f	1029	2079	1362	180
Solution@6e2c9341	995	2128	1359	205
Solution@32464a14	991	1959	1351	173
Solution@4e4aea35	1007	1670	1335	153
Solution@1442d7b5	965	1739	1342	177
Solution@1efee8e7	947	1727	1334	191
Solution@1ee807c6	1026	1865	1361	193
Solution@76a4d6c	980	1781	1346	177
Solution@517cd4b	872	1841	1330	173
Solution@6cc7b4de	938	1732	1328	155
Solution@32cf48b7	860	1844	1358	185
Solution@679b62af	955	1874	1366	167
Solution@5cdd8682	980	1794	1364	185
Solution@d6da883	978	1880	1335	197
Solution@45afc369	953	1728	1304	172
Solution@799d4f69	930	1766	1305	164
Solution@49c43f4e	949	1892	1314	192
Solution@290dbf45	947	1780	1330	166
Solution@12028586	1064	1763	1351	170
Solution@17776a8	955	2096	1367	196
Solution@69a10787	923	2141	1341	220
Solution@2d127a61	989	1786	1322	179
Solution@2bbaf4f0	936	1686	1318	169
Solution@11c20519	913	1818	1356	183
Solution@70beb599	915	1875	1375	206
Solution@4e41089d	817	1943	1301	190
Solution@32a068d1	942	1881	1336	214
Solution@33cb5951	991	1784	1363	174
Solution@365c30cc	890	1843	1341	180
Solution@701fc37a	947	1845	1337	193
Solution@4148db48	948	1896	1382	191
Solution@282003e1	988	2009	1374	206
Solution@7fad8c79	903	1885	1368	199
Solution@71a794e5	997	1809	1343	177
Solution@76329302	843	1862	1340	195
Solution@5e25a92e	958	1818	1333	195
Solution@4df828d7	924	1692	1320	187
Solution@b59d31	890	2087	1370	221
Solution@62fdb4a6	955	2035	1320	186
Solution@11e21d0e	844	1779	1324	182
Solution@1dd02175	933	1669	1317	173
Solution@31206beb	939	1964	1361	193
Solution@3e77a1ed	1094	1926	1366	170
Solution@3ffcd140	1025	1911	1351	167
Solution@23bb8443	994	1936	1365	208
Solution@1176dcec	916	1768	1335	154
Solution@120d6fe6	1029	1715	1333	168
Solution@4ba2ca36	1027	1877	1376	202
Solution@3444d69d	996	1729	1353	165
Solution@1372ed45	906	1839	1333	181
Solution@6a79c292	983	1899	1355	195
Solution@37574691	1044	1898	1327	191
Solution@25359ed8	997	1820	1308	164
Solution@21a947fe	1004	1875	1334	182
Solution@5606c0b	961	1887	1308	191
Solution@80ec1f8	989	1869	1336	188
Solution@1445d7f	1018	1839	1334	173
Solution@6a396c1e	949	1766	1338	164
Solution@6c3f5566	959	1856	1335	175
Solution@12405818	1011	1819	1323	155
Solution@314c508a	961	1752	1341	174
Solution@10b48321	1053	1926	1342	187
Solution@6b67034	951	1805	1346	186
Solution@16267862	1047	1943	1341	183
Solution@453da22c	924	1963	1332	185
Solution@71248c21	883	1784	1357	178
Solution@442675e1	928	1822	1379	199
Solution@6166e06f	988	2029	1373	191
Solution@49e202ad	1027	1814	1367	174
Solution@1c72da34	919	2000	1348	208
Solution@6b0c2d26	954	1921	1360	196
Solution@3d3fcdb0	943	2039	1343	189
Solution@641147d0	1034	1975	1318	182
Solution@6e38921c	894	1842	1292	176
Solution@64d7f7e0	975	1737	1341	168
Solution@27c6e487	880	1942	1357	195
Solution@49070868	994	1884	1377	164
Solution@6385cb26	1015	1750	1352	181
Solution@38364841	1034	2188	1355	185
Solution@28c4711c	873	1850	1344	200
Solution@59717824	960	1902	1326	197
Solution@146044d7	774	1846	1351	196
Solution@1e9e725a	897	1919	1314	189
Solution@15d9bc04	961	1798	1369	170
Solution@473b46c3	983	1917	1376	171
Solution@516be40f	941	1767	1357	176
Solution@3c0a50da	864	2235	1349	196
Solution@646be2c3	1038	1887	1374	199
Solution@797badd3	897	1899	1364	177
Solution@77be656f	975	2263	1355	207
Solution@19dc67c2	1009	1889	1343	175
Solution@221af3c0	1008	1799	1358	164
Solution@62bd765	1034	1807	1359	181
Solution@23a5fd2	965	1903	1336	191
Solution@78a2da20	865	1839	1309	177
Solution@dd3b207	987	1756	1342	159
Solution@551bdc27	978	2407	1355	204
Solution@58fdd99	970	1853	1345	169
Solution@6b1274d2	988	1817	1357	185
Solution@7bc1a03d	947	1820	1333	182
Solution@70b0b186	947	1792	1382	195
Solution@ba8d91c	924	1970	1332	185
Solution@7364985f	948	1898	1350	188
Solution@5d20e46	1039	1798	1351	165
Solution@709ba3fb	919	1918	1336	214
Solution@3d36e4cd	922	1820	1308	198
Solution@6a472554	952	1748	1340	186
Solution@7ff2a664	993	1851	1306	177
Solution@525b461a	877	1787	1340	190
Solution@58c1c010	900	1812	1317	162
Solution@b7f23d9	919	1814	1311	176
Solution@61d47554	904	1818	1374	191
Solution@69b794e2	974	1777	1343	179
Solution@3f200884	887	1850	1342	183
Solution@4d339552	872	1847	1334	205
Solution@f0f2775	918	1994	1329	181
Solution@5a4aa2f2	915	1998	1353	189
Solution@6591f517	950	1939	1310	180
Solution@345965f2	858	1800	1284	170
Solution@429bd883	992	1854	1323	184
Solution@4d49af10	1003	1914	1339	167
Solution@279ad2e3	937	1907	1348	210
Solution@58134517	856	1698	1310	169
