Solution@34ce8af7	1087	2126	1573	219
Solution@880ec60	1048	3887	1898	860
Solution@3f3afe78	1071	5269	1794	970
Solution@7f63425a	1055	3181	1799	638
Solution@36d64342	1226	2128	1663	311
Solution@39ba5a14	1100	3223	1729	492
Solution@511baa65	979	4698	1963	1011
Solution@340f438e	975	2285	1498	286
Solution@30c7da1e	1013	4368	2147	1102
Solution@5b464ce8	1083	2437	1628	338
Solution@57829d67	900	2954	1754	570
Solution@19dfb72a	991	2740	1752	472
Solution@17c68925	1036	3970	1829	664
Solution@7e0ea639	1147	2378	1662	314
Solution@3d24753a	1079	3522	1828	769
Solution@59a6e353	1090	2289	1648	302
Solution@7a0ac6e3	1132	3337	1777	566
Solution@71be98f5	1062	3832	1950	847
Solution@6fadae5d	1137	3555	1885	652
Solution@17f6480	1122	3166	1789	626
Solution@2d6e8792	1077	5442	2025	1229
Solution@2812cbfa	1107	2637	1753	459
Solution@2acf57e3	1070	2991	1852	598
Solution@506e6d5e	1005	4933	2085	1236
Solution@96532d6	1043	8694	2331	2136
Solution@3796751b	1112	8360	2103	1881
Solution@67b64c45	1003	2767	1800	544
Solution@4411d970	1059	2845	1659	472
Solution@6442b0a6	984	3518	1754	703
Solution@60f82f98	1103	5592	1704	734
Solution@35f983a6	1112	4059	2114	1045
Solution@7f690630	1113	3024	1762	530
Solution@edf4efb	1152	3851	1830	756
Solution@2f7a2457	1025	4386	1929	944
Solution@566776ad	1093	2940	1708	508
Solution@6108b2d7	1084	4679	2035	1174
Solution@1554909b	979	3774	1823	720
Solution@6bf256fa	1178	2988	1908	591
Solution@6cd8737	1043	3671	2001	879
Solution@22f71333	920	2690	1687	413
Solution@13969fbe	1020	5354	2063	1246
Solution@6aaa5eb0	1006	7613	2552	2278
Solution@3498ed	1057	4584	1939	1076
Solution@1a407d53	1039	4933	1912	1057
Solution@3d8c7aca	1113	2019	1590	232
Solution@5ebec15	1029	16673	4845	6285
Solution@21bcffb5	1076	6111	2493	1866
Solution@380fb434	985	3993	1932	945
Solution@668bc3d5	1215	2792	1726	439
Solution@3cda1055	1097	71547	14195	26864
Solution@7a5d012c	1049	4541	1852	924
Solution@3fb6a447	932	9667	2697	2820
Solution@79b4d0f	1072	2541	1739	416
Solution@6b2fad11	1101	6063	2225	1570
Solution@79698539	1066	8005	2642	2433
Solution@73f792cf	1089	2530	1697	417
Solution@2ed94a8b	1114	3024	1834	654
Solution@38082d64	1072	3745	1741	610
Solution@dfd3711	971	4561	1990	1128
Solution@42d3bd8b	977	2550	1637	379
Solution@26ba2a48	1035	4366	1731	730
Solution@5f2050f6	909	2915	1819	553
Solution@3b81a1bc	1114	2459	1661	324
Solution@64616ca2	958	5943	1948	1182
Solution@13fee20c	1104	4570	2122	1143
Solution@4e04a765	978	4731	1934	1045
Solution@783e6358	911	3023	1769	569
Solution@17550481	1034	5989	1914	1172
Solution@735f7ae5	1161	4187	1872	876
Solution@180bc464	1116	3437	1732	557
Solution@1324409e	1072	8199	2527	2295
Solution@2c6a3f77	1048	3695	1842	687
Solution@246ae04d	1140	10153	2372	2444
Solution@62043840	1035	5081	2007	1080
Solution@5315b42e	1020	3676	1695	652
Solution@2ef9b8bc	1131	1986	1537	218
Solution@5d624da6	1008	8286	3051	2870
Solution@1e67b872	1185	3138	1737	558
Solution@60addb54	1206	2529	1700	420
Solution@3f2a3a5	981	2463	1672	412
Solution@4cb2c100	1043	2587	1708	431
Solution@6fb554cc	1032	6500	2113	1557
Solution@614c5515	1077	3281	1775	673
Solution@77b52d12	1050	5839	2300	1666
Solution@2d554825	1076	3344	1828	638
Solution@68837a77	1054	7571	1958	1665
Solution@6be46e8f	1068	3039	1785	590
Solution@3567135c	1099	2239	1549	341
Solution@327471b5	1040	3187	1819	666
Solution@4157f54e	1056	3594	1774	617
Solution@90f6bfd	902	6147	2016	1393
Solution@47f6473	1033	3279	1841	715
Solution@15975490	1079	2840	1647	391
Solution@6b143ee9	1138	2738	1679	446
Solution@1936f0f5	1151	2593	1714	443
Solution@6615435c	1067	2530	1689	393
Solution@4909b8da	974	2526	1628	386
Solution@3a03464	1062	3567	1729	571
Solution@2d3fcdbd	1067	2592	1609	376
Solution@617c74e5	1133	2464	1622	318
Solution@6537cf78	1077	3291	1752	619
Solution@67b6d4ae	1101	2771	1705	480
Solution@34b7bfc0	1090	2314	1610	306
Solution@366e2eef	862	2363	1638	381
Solution@6df97b55	1010	5041	2217	1337
Solution@3cbbc1e0	1015	2192	1509	260
Solution@35fb3008	1085	2910	1706	467
Solution@7225790e	1033	9201	2327	2292
Solution@54a097cc	1106	2507	1642	369
Solution@36f6e879	1025	3168	1891	678
Solution@5a61f5df	1053	2704	1737	532
Solution@3551a94	1045	4188	1838	798
Solution@531be3c5	1083	4158	1776	836
Solution@52af6cff	1171	3675	1984	745
Solution@735b478	1013	2754	1705	490
Solution@2c9f9fb0	1093	3217	1685	489
Solution@2096442d	1019	2485	1598	348
Solution@9f70c54	1102	4640	1994	1111
Solution@234bef66	1046	3717	1821	727
Solution@737996a0	1015	2626	1657	371
Solution@61dc03ce	1139	3115	1847	657
Solution@50f8360d	1075	2987	1796	552
Solution@2cb4c3ab	987	7862	2248	1983
Solution@13c78c0b	962	2907	1587	430
Solution@12843fce	1005	3073	1819	581
Solution@3dd3bcd	1068	2159	1637	332
Solution@97e1986	965	2241	1605	328
Solution@26f67b76	1056	5758	1948	1350
Solution@153f5a29	912	3284	1793	598
Solution@7f560810	1097	5579	2153	1468
Solution@69d9c55	1062	3695	1898	774
Solution@13a57a3b	1132	2730	1670	406
Solution@7ca48474	1074	6900	2149	1599
Solution@337d0578	1136	12775	2396	2967
Solution@59e84876	1060	2811	1598	388
Solution@61a485d2	1198	2353	1684	378
Solution@39fb3ab6	1027	6628	2183	1580
Solution@6276ae34	1055	3601	1772	640
Solution@7946e1f4	1009	4993	1995	1219
Solution@3c09711b	1075	4921	2021	1195
Solution@5cc7c2a6	1041	3892	1983	837
Solution@b97c004	1066	2337	1717	400
Solution@4590c9c3	1053	5512	1984	1194
Solution@32e6e9c3	1097	2460	1651	355
Solution@5056dfcb	956	4668	1852	989
Solution@6574b225	1055	2096	1594	325
Solution@2669b199	876	2754	1690	536
Solution@2344fc66	975	2884	1601	483
Solution@458ad742	1086	2290	1616	311
Solution@5afa04c	951	4753	2050	1152
Solution@6ea12c19	1057	3094	1701	517
Solution@6a024a67	1057	2932	1778	570
Solution@7921b0a2	1051	3400	1965	737
Solution@174d20a	1040	2830	1695	486
Solution@66d2e7d9	871	2975	1833	657
Solution@1efbd816	1140	2782	1728	418
Solution@6a2bcfcb	934	3158	1624	361
Solution@4de8b406	1165	2096	1594	255
Solution@3c756e4d	1070	6594	2255	1553
Solution@7c0e2abd	1001	3370	1935	758
Solution@48eff760	1017	2606	1662	379
Solution@402f32ff	976	2320	1597	313
Solution@573f2bb1	999	2151	1533	315
Solution@5ae9a829	1034	2514	1639	354
Solution@6d8a00e3	1066	5335	1946	1061
Solution@548b7f67	1079	2541	1659	382
Solution@7ac7a4e4	1098	3571	1767	575
Solution@6d78f375	1031	4141	1849	827
Solution@50c87b21	1064	10320	2543	2726
Solution@5f375618	1089	2541	1737	388
Solution@1810399e	1045	3219	1859	676
Solution@32d992b2	1080	5764	2167	1503
Solution@215be6bb	1160	2846	1753	540
Solution@4439f31e	1145	4317	2092	1063
Solution@5dfcfece	1093	4106	1738	712
Solution@23ceabc1	1129	3010	1783	548
Solution@5d5eef3d	1108	3368	1967	697
Solution@56f4468b	909	3974	1833	755
Solution@6cc4c815	1185	3867	1794	690
Solution@3a82f6ef	1080	3317	1900	662
Solution@100fc185	943	5418	2056	1342
Solution@643b1d11	1115	3579	1779	651
Solution@2ef5e5e3	1122	2784	1819	557
Solution@36d4b5c	1136	5305	2097	1349
Solution@6d00a15d	992	3438	1840	729
Solution@51efea79	1040	5094	2157	1283
Solution@5034c75a	1133	2408	1735	430
Solution@396a51ab	987	3393	1733	609
Solution@51081592	1000	3255	1722	547
Solution@7f9a81e8	1136	6013	2151	1488
Solution@9629756	1077	4150	1829	697
Solution@62ee68d8	880	8449	2630	2455
Solution@735b5592	1068	6153	1941	1346
Solution@58651fd0	948	3057	1801	565
Solution@4520ebad	927	5440	1975	1178
Solution@5419f379	1125	3609	1822	679
Solution@7dc7cbad	1112	3603	1951	778
Solution@d2cc05a	1105	5555	1969	1159
Solution@4f933fd1	1064	2987	1751	544
Solution@548a9f61	1074	5020	2008	1141
Solution@1753acfe	1016	3567	1840	739
Solution@7c16905e	1051	4039	1746	741
Solution@2a2d45ba	1090	3142	1751	577
Solution@2a5ca609	1141	2589	1690	451
Solution@20e2cbe0	1157	3692	2123	873
Solution@68be2bc2	1000	5384	1968	1160
Solution@28feb3fa	1085	3175	1761	600
Solution@675d3402	1047	5547	2186	1430
Solution@51565ec2	1031	2309	1687	360
Solution@482f8f11	962	2418	1680	377
Solution@1593948d	1016	2763	1738	410
Solution@1b604f19	951	3422	1860	725
Solution@7823a2f9	1097	4286	2024	996
Solution@4cc0edeb	1012	33800	6069	11156
Solution@457e2f02	1110	3154	1720	607
Solution@5c7fa833	1112	3762	1966	907
Solution@39aeed2f	1063	3265	1768	726
Solution@724af044	1011	2639	1645	387
Solution@4678c730	1153	3967	1873	838
Solution@6767c1fc	1201	3207	1893	617
Solution@29ee9faa	1041	2670	1688	425
Solution@c038203	1029	11879	3191	3792
Solution@cc285f4	1050	11203	3066	3539
Solution@55f3ddb1	1141	3622	1862	785
Solution@8bd1b6a	1080	2601	1705	446
Solution@18be83e4	1116	2903	1798	590
Solution@cb5822	1120	3429	1828	685
Solution@4b9e13df	1077	3357	1940	816
Solution@2b98378d	1079	3671	1985	928
Solution@475530b9	1042	2528	1716	398
Solution@1d057a39	1033	10042	2937	3119
Solution@26be92ad	1153	7126	2015	1466
Solution@4c70fda8	1061	3323	1807	592
Solution@224edc67	1149	2276	1703	336
Solution@14acaea5	1041	6808	1992	1093
Solution@46d56d67	1068	2374	1672	380
Solution@d8355a8	1052	3532	1811	689
Solution@59fa1d9b	1155	3777	1952	880
Solution@28d25987	1053	4138	1893	937
Solution@4501b7af	1083	3662	1815	771
Solution@523884b2	1145	27566	4678	8102
Solution@5b275dab	1089	3040	1765	553
Solution@61832929	1051	9918	2616	2738
Solution@29774679	1139	3791	1899	755
Solution@3ffc5af1	1074	9251	2380	2327
Solution@5e5792a0	919	6657	2324	1899
Solution@26653222	1193	2179	1634	279
Solution@3532ec19	1143	4733	2092	1089
Solution@68c4039c	1028	3194	1786	636
Solution@ae45eb6	1042	7312	2393	2073
Solution@59f99ea	995	2873	1707	528
Solution@27efef64	1043	2810	1655	385
Solution@6f7fd0e6	1065	5159	2006	1274
Solution@47c62251	1125	1955	1617	255
Solution@3e6fa38a	1007	2517	1694	409
Solution@66a3ffec	942	2363	1677	378
Solution@77caeb3e	1019	5848	2034	1347
Solution@1e88b3c	988	2814	1786	552
Solution@42d80b78	1011	3443	1793	759
Solution@3bfdc050	1069	4701	2076	1062
Solution@1bce4f0a	986	5245	2190	1380
Solution@5e3a8624	1052	5580	2059	1303
Solution@5c3bd550	1093	3125	1855	577
Solution@91161c7	1069	7282	2429	2065
Solution@604ed9f0	1120	2737	1743	493
Solution@6a4f787b	1160	7883	2290	2066
Solution@685cb137	1141	3487	1902	687
Solution@6a41eaa2	1051	3000	1704	466
Solution@7cd62f43	1125	3313	1784	566
Solution@6d4b1c02	1065	22803	4492	7293
Solution@6093dd95	1110	3781	1931	821
Solution@5622fdf	1018	4333	2006	1040
Solution@4883b407	1028	5080	2061	1250
Solution@7d9d1a19	1143	2593	1730	353
Solution@39c0f4a	1145	2479	1654	338
Solution@1794d431	973	17145	3700	5421
Solution@42e26948	1071	2556	1644	362
Solution@57baeedf	1068	2129	1565	257
Solution@343f4d3d	1151	4282	1828	816
Solution@53b32d7	1117	3961	1909	810
Solution@5442a311	1107	3707	1850	714
Solution@548e7350	1115	3604	1799	681
Solution@1a968a59	1058	2634	1695	445
Solution@4667ae56	1103	2365	1702	401
Solution@77cd7a0	994	2619	1633	369
Solution@204f30ec	1092	6788	2039	1414
Solution@e25b2fe	1116	6892	2509	2123
Solution@754ba872	1030	2852	1639	398
Solution@146ba0ac	1089	3396	1869	731
Solution@4dfa3a9d	1058	10853	2882	3223
Solution@6eebc39e	972	10794	2157	2066
Solution@464bee09	1080	5480	2151	1250
Solution@f6c48ac	975	4374	1894	873
Solution@13deb50e	1006	3699	1726	602
Solution@239963d8	1151	3160	1829	655
Solution@3abbfa04	1096	2996	1741	493
Solution@57fffcd7	991	9977	2900	3034
Solution@31ef45e3	898	5460	1892	1074
Solution@598067a5	1061	4209	1891	877
Solution@3c0ecd4b	961	2932	1631	423
Solution@14bf9759	1056	10378	2652	2760
Solution@5f341870	1053	2593	1533	264
Solution@553f17c	1159	2649	1652	360
Solution@4f7d0008	1116	6938	2046	1442
Solution@271053e1	1137	4030	1834	759
Solution@589838eb	1034	18638	3607	5318
Solution@42dafa95	1104	6293	1931	1237
Solution@6500df86	1081	2494	1665	379
Solution@402a079c	1032	6793	2426	1876
Solution@59ec2012	1214	15438	2837	3959
Solution@4cf777e8	1103	4673	2011	1099
Solution@2f686d1f	1040	2540	1675	407
Solution@3fee9989	1046	2740	1734	433
Solution@73ad2d6	1100	3402	1764	518
Solution@7085bdee	1036	3364	1943	714
Solution@1ce92674	1103	6375	2324	1777
Solution@5700d6b1	1122	6601	2261	1733
Solution@6fd02e5	1087	4851	2205	1397
Solution@5bcab519	1106	5135	1892	1105
Solution@e45f292	1076	3262	1817	638
Solution@5f2108b5	979	2955	1717	497
Solution@31a5c39e	932	2469	1684	361
Solution@3f49dace	1067	4063	2026	997
Solution@1e397ed7	1082	2223	1653	303
Solution@490ab905	1099	4575	1997	1029
Solution@56ac3a89	1074	2495	1659	395
Solution@27c20538	1066	3089	1772	576
Solution@72d818d1	1082	4367	1868	841
Solution@6e06451e	1026	3528	1867	806
Solution@59494225	1131	2918	1654	515
Solution@6e1567f1	1119	2196	1589	249
Solution@5cb9f472	1153	4042	2100	1051
Solution@cb644e	1049	7415	2988	2515
Solution@13805618	1087	3699	1882	822
Solution@56ef9176	874	3529	1821	743
Solution@4566e5bd	1095	2886	1732	540
Solution@1ed4004b	1135	2127	1566	261
Solution@ff5b51f	1188	4238	1863	693
Solution@25bbe1b6	1070	30522	5085	9398
Solution@5702b3b1	1120	3982	1882	845
Solution@69ea3742	1034	2756	1658	374
Solution@4b952a2d	862	2641	1793	521
Solution@3159c4b8	1029	2338	1590	337
Solution@73846619	1135	5952	2114	1510
Solution@4bec1f0c	1087	4005	1825	794
Solution@29ca901e	1044	2232	1563	257
Solution@5649fd9b	1072	2522	1600	368
Solution@6adede5	1213	3267	1789	601
Solution@2d928643	1151	15701	3112	4420
Solution@5025a98f	1166	5562	1945	1105
Solution@49993335	1064	4491	1900	969
Solution@20322d26	1077	4969	1834	1010
Solution@192b07fd	872	8760	2411	2367
Solution@64bfbc86	1049	2802	1638	411
Solution@64bf3bbf	957	2393	1666	356
Solution@55d56113	996	4020	1803	764
Solution@148080bb	1154	2034	1539	179
Solution@dc24521	1055	4269	1965	980
Solution@10bdf5e5	1052	2866	1715	515
Solution@6e1ec318	1075	2444	1619	358
Solution@7e0b0338	1071	2944	1729	510
Solution@617faa95	1041	2517	1691	394
Solution@1e127982	1057	2379	1675	440
Solution@60c6f5b	1052	4327	1881	932
Solution@2038ae61	1065	2542	1738	392
Solution@3c0f93f1	1152	2947	1704	431
Solution@31dc339b	1132	6632	1975	1293
Solution@544fe44c	920	2256	1621	337
Solution@31610302	1142	3089	1661	510
Solution@71318ec4	1087	3759	2012	896
Solution@21213b92	1146	5308	2069	1265
Solution@a67c67e	1112	5860	2049	1362
Solution@3327bd23	1142	6126	2317	1632
Solution@4e1d422d	1059	3864	1888	812
Solution@66480dd7	1017	3976	1916	915
Solution@52a86356	1115	7637	2473	2011
Solution@5ce81285	1027	3341	1793	646
Solution@78c03f1f	1083	2467	1678	388
Solution@5ec0a365	985	2504	1749	429
Solution@4fe3c938	894	2906	1772	585
Solution@5383967b	1038	3457	1899	797
Solution@2ac273d3	1131	2752	1796	513
Solution@71423665	1076	4382	2048	1099
Solution@20398b7c	1112	4477	2196	1265
Solution@6fc6f14e	1063	4502	2057	1062
Solution@56235b8e	1031	5265	1964	1185
Solution@3632be31	1111	2412	1658	390
Solution@5abca1e0	983	4047	2012	986
Solution@2286778	1082	2365	1695	363
Solution@4e9ba398	1032	7192	2304	1901
Solution@6d7b4f4c	1050	2178	1578	237
Solution@527740a2	1073	2298	1673	350
Solution@13a5fe33	1121	2408	1717	394
Solution@3108bc	919	2093	1591	269
Solution@370736d9	1044	4022	1886	969
Solution@5f9d02cb	1128	2904	1711	422
Solution@63753b6d	1124	2835	1785	481
Solution@6b09bb57	1139	4525	1837	894
Solution@6536e911	1134	2252	1605	296
Solution@520a3426	1025	2585	1759	434
Solution@18eed359	1144	3462	1763	669
Solution@3e9b1010	916	3617	1781	714
Solution@6c3708b3	951	2157	1625	337
Solution@6f1fba17	873	5021	1933	1131
Solution@185d8b6	1038	3757	1999	844
Solution@67784306	1067	5665	2104	1294
Solution@335eadca	1111	2322	1745	358
Solution@210366b4	1059	2365	1659	407
Solution@eec5a4a	1159	4104	1777	710
Solution@2b2948e2	1032	3656	1952	831
Solution@6ddf90b0	1084	3832	1876	771
Solution@57536d79	938	2576	1643	374
Solution@3b0143d3	1074	3268	1546	460
Solution@5a8e6209	1008	3234	1761	648
Solution@4b4523f8	1074	3823	1840	880
Solution@731a74c	984	2838	1763	502
Solution@369f73a2	1051	4148	1861	897
Solution@1f28c152	1099	2859	1745	529
Solution@7d907bac	1123	2311	1702	356
Solution@7791a895	1018	37682	7053	12874
Solution@3a5ed7a6	1132	3146	1947	587
Solution@6325a3ee	1044	2024	1644	289
Solution@1d16f93d	1117	4874	1891	1003
Solution@67b92f0a	1093	2399	1730	422
Solution@2b9627bc	1108	2751	1603	349
Solution@65e2dbf3	1066	4062	1850	729
Solution@4f970963	1048	2889	1739	489
Solution@61f8bee4	1033	4259	1818	826
Solution@7b49cea0	1102	2144	1650	281
Solution@887af79	1126	3879	1921	850
Solution@7fac631b	1006	3798	1819	746
Solution@5b87ed94	1056	2228	1630	341
Solution@6e0e048a	932	2972	1759	535
Solution@5bc79255	1101	3315	1761	582
Solution@47ef968d	875	4744	1848	989
Solution@23e028a9	1113	2413	1646	326
Solution@3dd4520b	962	3331	1844	700
Solution@5ae63ade	1058	3893	1723	558
Solution@610694f1	1137	3265	1808	616
Solution@43814d18	1111	2674	1751	498
Solution@5c5a1b69	1047	3044	1763	561
Solution@3701eaf6	968	4810	2002	1028
Solution@627551fb	1093	2922	1812	603
Solution@2b552920	1092	2459	1744	431
Solution@2758fe70	990	2724	1720	418
Solution@1f36e637	1097	3145	1786	529
Solution@578486a3	1031	2760	1698	499
Solution@551aa95a	1001	6432	2073	1378
Solution@35d176f7	963	2729	1671	487
Solution@1dfe2924	1152	2664	1740	427
Solution@6ebc05a6	1075	3302	1759	626
Solution@6e6c3152	985	3022	1794	546
Solution@50b494a6	1090	4142	1843	931
Solution@3cef309d	1112	7049	2676	2076
Solution@32709393	1023	3924	2014	848
Solution@3d99d22e	1021	2406	1602	382
Solution@49fc609f	1098	3551	1691	504
Solution@cd2dae5	1059	6460	1908	1392
Solution@3a883ce7	1116	2468	1680	405
Solution@4973813a	1038	4296	1918	1007
Solution@6321e813	778	3246	1741	584
Solution@79be0360	1068	5842	2250	1575
Solution@22a67b4	1128	10141	2438	2536
Solution@57855c9a	1014	8176	2345	2233
Solution@3b084709	1128	4241	1971	1016
Solution@3224f60b	1030	9157	2299	2214
Solution@63e2203c	1105	4902	1833	937
Solution@1efed156	1069	3005	1730	446
Solution@6737fd8f	1007	2496	1652	394
Solution@72b6cbcc	954	2760	1661	451
Solution@a7e666	1143	2726	1742	474
Solution@68bbe345	1121	4157	1880	785
Solution@30b8a058	1070	2982	1703	492
Solution@7494e528	1124	4233	1949	942
Solution@4bbfb90a	1086	3493	1852	730
Solution@7c29daf3	1012	3190	1936	702
Solution@9660f4e	1062	3127	1880	643
Solution@5a8806ef	1170	5448	2115	1353
Solution@6c49835d	1066	4008	1905	865
Solution@5e853265	1200	2766	1784	491
Solution@67205a84	1089	4549	2015	959
Solution@7d0587f1	1054	3373	1914	733
Solution@5d76b067	1012	12753	2922	3643
Solution@2a17b7b6	975	2107	1541	257
Solution@4f063c0a	1120	3309	1768	546
Solution@1e6d1014	1101	5818	2048	1258
Solution@76707e36	1071	2891	1730	500
Solution@614ddd49	1012	3747	1832	778
Solution@1f554b06	1120	2752	1593	331
Solution@694e1548	1102	4806	2138	1272
Solution@1c3a4799	1149	4118	1951	970
Solution@131276c2	985	5421	2121	1281
Solution@26aa12dd	1112	3399	1887	784
Solution@3fd7a715	1113	4990	1963	995
Solution@711f39f9	873	2222	1630	332
Solution@71bbf57e	1060	2381	1629	307
Solution@7f13d6e	1113	3048	1777	535
Solution@51cdd8a	992	2867	1807	542
Solution@d44fc21	1071	2246	1635	354
Solution@23faf8f2	1044	7851	2337	1939
Solution@2d6eabae	923	4379	2090	1067
Solution@4e7dc304	952	2556	1589	405
Solution@64729b1e	1037	2869	1750	568
Solution@10bbd20a	917	8405	1864	1508
Solution@48503868	1024	3863	1767	748
Solution@6895a785	1006	2350	1667	358
Solution@184f6be2	923	2497	1651	321
Solution@56aac163	1058	4903	1969	1114
Solution@1f7030a6	1033	2528	1744	430
Solution@5a1c0542	993	2528	1708	415
Solution@396f6598	886	2518	1709	417
Solution@394e1a0f	1115	3076	1814	651
Solution@27a5f880	1051	3370	1794	590
Solution@1d29cf23	1127	4350	1972	898
Solution@5f282abb	935	3584	1877	704
Solution@167fdd33	1035	3513	1806	678
Solution@1e965684	809	2864	1654	492
Solution@4d95d2a2	1070	2823	1771	566
Solution@53f65459	1128	2916	1743	513
Solution@3b088d51	1050	2580	1570	348
Solution@1786dec2	1188	4076	1787	691
Solution@74650e52	1032	2929	1860	591
Solution@15d0c81b	1121	3350	1837	664
Solution@6acdbdf5	1063	2138	1683	338
Solution@4b1c1ea0	1098	2560	1653	391
Solution@17579e0f	1030	2810	1802	549
Solution@4d41cee	1052	2660	1726	426
Solution@3712b94	967	2830	1786	469
Solution@2833cc44	1182	2113	1593	239
Solution@33f88ab	1059	2603	1793	421
Solution@27a8c74e	1062	3723	1978	809
Solution@2d8f65a4	1079	5361	1817	992
Solution@1b68ddbd	1103	2001	1528	225
Solution@646d64ab	1157	2106	1620	263
Solution@59e5ddf	876	5949	2128	1465
Solution@536aaa8d	909	2047	1559	245
Solution@e320068	955	2646	1687	428
Solution@1f57539	939	2134	1544	247
Solution@76f2b07d	1031	3767	1897	840
Solution@704a52ec	1042	3704	1949	834
Solution@6ee52dcd	1084	2575	1696	410
Solution@4493d195	1075	2791	1738	477
Solution@2781e022	1083	3427	1782	616
Solution@57e1b0c	1079	5479	2187	1471
Solution@4232c52b	1063	3514	1807	679
Solution@1877ab81	1017	2675	1662	385
Solution@305fd85d	996	4757	1940	1153
Solution@458c1321	1040	4542	2004	1047
Solution@11438d26	1006	3246	1864	724
Solution@34cd072c	1139	2296	1567	279
Solution@7a1ebcd8	1089	3657	1670	625
Solution@5faeada1	1087	2230	1634	341
Solution@528931cf	1143	5813	2215	1480
Solution@ea1a8d5	1131	3110	1696	543
Solution@1563da5	1066	8658	2311	2105
Solution@2bbf4b8b	1135	5061	1952	1095
Solution@30a3107a	1074	4295	1970	976
Solution@33c7e1bb	1129	2767	1749	508
Solution@34c4973	1137	2351	1632	371
Solution@52feb982	1027	2318	1701	357
Solution@7a765367	1122	2673	1595	380
Solution@76b0bfab	1007	3951	1821	828
Solution@17d677df	854	2225	1609	337
Solution@3043fe0e	1101	4373	1981	994
Solution@78e67e0a	1089	3392	1846	675
Solution@bd8db5a	1017	4429	1878	966
Solution@2f943d71	1003	3229	1688	609
Solution@80503	1106	11869	3142	3683
Solution@4b553d26	978	3219	1885	706
Solution@69a3d1d	1029	2115	1542	285
Solution@86be70a	1047	3006	1715	507
Solution@480bdb19	981	2877	1765	523
Solution@2a556333	1100	2164	1686	330
Solution@7d70d1b1	1127	3261	1796	668
Solution@2a742aa2	1131	5331	2176	1323
Solution@3cb1ffe6	883	3246	1733	590
Solution@3dfc5fb8	980	3905	1651	600
Solution@467aecef	1168	2488	1612	360
Solution@4d50efb8	1013	4353	1974	1050
Solution@7e2d773b	1102	3032	1750	573
Solution@2173f6d9	1118	3715	2060	979
Solution@307f6b8c	1147	8328	2669	2407
Solution@7a187f14	1015	2752	1760	513
Solution@6f195bc3	1045	2414	1661	352
Solution@51e2adc7	1081	4673	1843	929
Solution@1a8a8f7c	986	2631	1786	512
Solution@2353b3e6	1071	2796	1642	435
Solution@631330c	1100	2251	1691	360
Solution@42f93a98	937	4904	2019	1274
Solution@c46bcd4	974	2422	1615	365
Solution@3234e239	1123	3873	1887	774
Solution@3d921e20	1058	2895	1802	554
Solution@36b4cef0	1084	3266	1787	555
Solution@fad74ee	1193	4508	2115	1164
Solution@1a1d6a08	1180	5427	2185	1250
Solution@37d31475	1036	3547	1923	861
Solution@27808f31	977	2391	1661	379
Solution@436e852b	1073	2299	1610	343
Solution@32d2fa64	1074	2819	1800	541
Solution@1d8d30f7	954	2834	1743	529
Solution@3e57cd70	982	4395	1864	869
Solution@9a7504c	1118	3367	1830	588
Solution@2c039ac6	1116	2416	1651	347
Solution@587d1d39	1097	3338	1840	610
Solution@58c1670b	1049	2833	1769	531
Solution@6b57696f	1162	3414	1842	650
Solution@5bb21b69	1096	5833	2272	1392
Solution@6b9651f3	1065	2871	1683	513
Solution@38bc8ab5	1082	2871	1676	475
Solution@687080dc	1023	3903	1744	791
Solution@23d2a7e8	1042	3556	1716	556
Solution@7a9273a8	1065	18928	5236	7056
Solution@26a7b76d	1084	2555	1712	414
Solution@4abdb505	1035	2189	1635	310
Solution@7ce6a65d	1171	3153	1761	577
Solution@1500955a	1145	5999	2448	1702
Solution@e874448	1085	5951	2424	1676
Solution@29b5cd00	1004	2609	1694	452
Solution@60285225	969	8492	2360	2376
Solution@7113b13f	990	7233	2289	1991
Solution@45820e51	1102	2823	1726	466
Solution@42d8062c	1107	5785	2093	1409
Solution@6043cd28	837	3627	1866	711
Solution@cb51256	993	7529	2310	1949
Solution@59906517	953	3606	1753	801
Solution@5bfbf16f	948	3525	1719	697
Solution@25af5db5	1075	3993	2063	916
Solution@12cdcf4	1071	2236	1707	365
Solution@5bcea91b	1095	3988	1841	816
Solution@5f3a4b84	1062	5689	2074	1414
Solution@27f723	997	2695	1755	540
Solution@670b40af	993	2999	1680	455
Solution@4923ab24	1078	3096	1813	560
Solution@44c8afef	1046	3024	1777	624
Solution@7b69c6ba	1106	28219	4167	8024
Solution@46daef40	1024	5642	2097	1246
Solution@12f41634	958	4651	1908	1030
Solution@13c27452	1059	3925	1925	848
Solution@262b2c86	1009	2346	1625	357
Solution@371a67ec	1189	11359	3194	3340
Solution@5ed828d	1193	3749	1905	719
Solution@50d0686	1056	5101	1914	951
Solution@7a3d45bd	1140	2216	1581	297
Solution@1e7c7811	956	4586	1946	954
Solution@77ec78b9	1062	3437	1893	720
Solution@1a3869f4	1035	5697	2019	1223
Solution@a38d7a3	1109	3471	1663	545
Solution@77f99a05	1121	2452	1749	428
Solution@63440df3	1107	10208	2895	3072
Solution@3aeaafa6	1111	6708	2385	1775
Solution@76a3e297	966	7704	2478	2227
Solution@4d3167f4	1032	2246	1656	313
Solution@ed9d034	1119	4511	1948	994
Solution@6121c9d6	1125	6069	2232	1447
Solution@87f383f	963	4174	1748	797
Solution@4eb7f003	1015	3367	1703	606
Solution@eafc191	1041	2295	1633	342
Solution@612fc6eb	1020	2412	1622	371
Solution@1060b431	1079	2719	1712	516
Solution@612679d6	1095	3033	1695	534
Solution@11758f2a	1086	3222	1861	659
Solution@e720b71	1139	2948	1656	517
Solution@1b26f7b2	996	2781	1672	427
Solution@491cc5c9	994	2435	1671	406
Solution@74ad1f1f	1065	2763	1656	421
Solution@6a1aab78	1052	2977	1771	477
Solution@462d5aee	1134	3761	1763	639
Solution@69b0fd6f	964	3095	1781	603
Solution@757942a1	1126	2143	1558	268
Solution@4a87761d	989	4276	1892	984
Solution@66d1af89	1084	2845	1872	564
Solution@8646db9	1170	3736	1836	805
Solution@37374a5e	1083	4773	1995	1106
Solution@4671e53b	895	3653	1830	708
Solution@2db7a79b	1109	2408	1622	255
Solution@6950e31	1120	3960	1727	616
Solution@b7dd107	1035	2920	1717	530
Solution@42eca56e	914	3337	1819	678
Solution@52f759d7	1018	2604	1590	394
Solution@7cbd213e	969	3046	1652	495
Solution@192d3247	993	4458	1773	817
Solution@3ecd23d9	1136	3074	1672	522
Solution@569cfc36	1164	3369	1751	640
Solution@43bd930a	1089	2139	1617	290
Solution@33723e30	1043	3044	1766	492
Solution@64f6106c	1100	5120	2259	1435
Solution@553a3d88	1039	3439	1813	637
Solution@7a30d1e6	1111	2189	1625	292
Solution@5891e32e	1102	3399	1651	588
Solution@cb0ed20	1082	3441	1882	719
Solution@8e24743	1147	2339	1609	311
Solution@74a10858	991	2871	1668	477
Solution@23fe1d71	1043	2849	1765	424
Solution@28ac3dc3	1012	4151	1836	761
Solution@32eebfca	1222	2890	1761	447
Solution@4e718207	1091	3296	1774	618
Solution@1d371b2d	973	7336	2234	1936
Solution@543c6f6d	1035	2400	1630	380
Solution@13eb8acf	1058	2258	1672	363
Solution@51c8530f	1096	2963	1799	553
Solution@7403c468	1009	2832	1772	510
Solution@43738a82	1060	2627	1667	422
Solution@c81cdd1	1150	4468	1851	906
Solution@1fc2b765	1149	3527	1865	730
Solution@75881071	1052	2888	1738	553
Solution@2a70a3d8	1110	2883	1639	414
Solution@289d1c02	1125	5401	2048	1253
Solution@22eeefeb	1099	3243	1794	644
Solution@17d0685f	1103	10218	2751	3013
Solution@3891771e	971	5239	1935	1075
Solution@78ac1102	1027	5762	2001	1179
Solution@2de8284b	1119	2522	1638	333
Solution@396e2f39	1101	3270	1823	560
Solution@a74868d	1051	3435	1864	698
Solution@12c8a2c0	1144	4001	1826	725
Solution@7e0e6aa2	1104	6819	2125	1666
Solution@365185bd	1119	3890	1893	883
Solution@18bf3d14	1093	3919	1919	840
Solution@4fb64261	1100	3714	1882	753
Solution@42607a4f	998	3890	1900	885
Solution@782663d3	1191	3388	1851	713
Solution@1990a65e	1146	11033	2939	3279
Solution@64485a47	1119	3852	1880	812
Solution@25bbf683	1106	2868	1792	499
Solution@6ec8211c	1098	2445	1704	376
Solution@7276c8cd	1008	3651	1776	715
Solution@544a2ea6	1101	7426	2310	1884
Solution@2e3fc542	1067	4768	1979	991
Solution@150c158	1111	2668	1853	439
Solution@4524411f	1028	2189	1575	238
Solution@401e7803	1070	8525	2271	2195
Solution@10dba097	1094	3502	1840	728
Solution@1786f9d5	1146	2308	1679	329
Solution@704d6e83	1164	2766	1804	512
Solution@43a0cee9	1152	2440	1647	322
Solution@eb21112	962	6930	2304	1870
Solution@2eda0940	1122	2222	1596	301
Solution@3578436e	1010	3653	1958	853
Solution@706a04ae	1092	2446	1554	350
Solution@6eceb130	1063	3255	1728	529
Solution@10a035a0	1090	2289	1511	310
Solution@67b467e9	1122	10046	2600	2741
Solution@47db50c5	1089	3589	1679	569
Solution@5c072e3f	1230	2153	1694	317
Solution@4d1b0d2a	1071	3532	1857	680
Solution@954b04f	1126	2529	1633	384
Solution@149494d8	1154	2199	1554	208
Solution@710726a3	1153	6006	2068	1343
Solution@646007f4	1046	2805	1701	464
Solution@481a15ff	1103	2887	1822	504
Solution@78186a70	1171	12645	1913	1619
Solution@306279ee	1111	6005	2271	1557
Solution@545997b1	1145	3291	1739	611
Solution@4cf4d528	1075	3115	1781	646
Solution@77846d2c	929	2659	1793	493
Solution@548ad73b	1055	2205	1663	317
Solution@4c762604	1127	2192	1582	325
Solution@2641e737	1159	3323	1923	705
Solution@727803de	969	2493	1562	364
Solution@704921a5	1051	2632	1652	404
Solution@df27fae	1021	4991	2196	1201
Solution@24a35978	1191	3507	1876	616
Solution@16f7c8c1	1030	4387	1920	917
Solution@2f0a87b3	1117	1989	1594	254
Solution@319b92f3	1130	6036	2330	1684
Solution@fcd6521	990	3008	1844	631
Solution@27d415d9	1117	2300	1616	329
Solution@5c18298f	1178	3586	1952	798
Solution@31f924f5	1031	3583	2009	781
Solution@5579bb86	1150	4576	1873	826
Solution@5204062d	1040	3071	1810	580
Solution@4fcd19b3	998	3267	1790	674
Solution@376b4233	1106	5676	2134	1446
Solution@2fd66ad3	1061	9185	4003	3641
Solution@5d11346a	1081	2356	1622	391
Solution@7a36aefa	1080	4454	1862	899
Solution@17211155	1152	4424	1979	987
Solution@b3d7190	1124	2523	1717	442
Solution@5fdba6f9	1071	5335	2073	1334
Solution@10d59286	1017	2916	1728	480
Solution@fe18270	1124	4546	1969	1058
Solution@6fb0d3ed	1104	9203	3113	2729
Solution@6dde5c8c	1052	2723	1699	434
Solution@5123a213	979	3306	1699	526
Solution@52525845	1027	3250	1718	577
Solution@3b94d659	1154	2204	1605	285
Solution@24b1d79b	1114	3165	1730	531
Solution@68ceda24	994	3564	1751	533
Solution@281e3708	1029	4460	2007	954
Solution@35a50a4c	1058	3299	1757	658
Solution@1f021e6c	1128	3644	1911	796
Solution@103f852	1088	3930	1741	630
Solution@587c290d	1206	3892	2014	899
Solution@4516af24	1116	15782	3041	4189
Solution@4ae82894	1030	7166	2300	1680
Solution@543788f3	1083	2752	1670	441
Solution@6d3af739	1083	5960	1919	1180
Solution@1da51a35	958	2874	1711	470
Solution@16022d9d	963	3387	1804	611
Solution@7e9a5fbe	964	3501	1771	561
Solution@44a3ec6b	922	4002	1879	860
Solution@71623278	1053	3274	1647	447
Solution@768b970c	1060	2893	1802	581
Solution@5a4041cc	1033	4234	2007	1051
Solution@15b3e5b	1128	2687	1690	426
Solution@61ca2dfa	1090	2982	1780	552
Solution@4b53f538	1114	3413	1777	683
Solution@134593bf	1169	4749	2088	1219
Solution@4bb4de6a	1106	2989	1727	523
Solution@7ba18f1b	1129	2365	1705	389
Solution@2f8f5f62	1094	2947	1735	472
Solution@1068e947	1098	2684	1759	454
Solution@7dc222ae	1140	3960	1732	683
Solution@aecb35a	1066	4021	1966	882
Solution@5fcd892a	913	2975	1590	446
Solution@8b87145	1005	8353	2631	2596
Solution@6483f5ae	1062	3432	1781	613
Solution@b9afc07	1097	2498	1725	461
Solution@382db087	1058	2251	1560	234
Solution@73d4cc9e	1009	3857	1758	602
Solution@80169cf	1060	2819	1690	417
Solution@5427c60c	976	4280	1812	850
Solution@15bfd87	1066	2331	1617	340
Solution@543e710e	1153	4747	1940	1141
Solution@57f23557	1027	4047	2118	1010
Solution@3d0f8e03	1022	5142	2040	1220
Solution@6366ebe0	1070	8943	2432	2342
Solution@44f75083	1055	13628	2650	3462
Solution@2698dc7	1068	2347	1648	336
Solution@43d7741f	1101	4703	1901	997
Solution@17baae6e	1137	4285	1900	875
Solution@69379752	1059	3648	1875	730
Solution@27fe3806	985	4853	1654	801
Solution@5f71c76a	1051	2842	1728	490
Solution@1d7acb34	1142	2578	1742	383
Solution@48a242ce	1134	4241	2035	1002
Solution@1e4a7dd4	1049	10574	2566	2950
Solution@4f51b3e0	1021	3044	1802	592
Solution@4b9e255	1018	3809	1764	632
Solution@5e57643e	1122	3376	1794	644
Solution@133e16fd	928	2815	1773	533
Solution@51b279c9	1166	5170	2079	1096
Solution@1ad282e0	988	3017	1658	416
Solution@7f416310	924	3432	1663	538
Solution@1cab0bfb	1052	4629	1937	1072
Solution@5e955596	982	4357	1835	788
Solution@50de0926	1053	3317	1760	635
Solution@2473b9ce	1059	7880	2967	2374
Solution@60438a68	1006	2777	1786	511
Solution@140e5a13	1061	3227	1748	608
Solution@3439f68d	864	3983	2239	1024
Solution@dbd940d	1053	2385	1622	372
Solution@71d15f18	910	2366	1628	353
Solution@17695df3	1050	2462	1565	340
Solution@6c9f5c0d	1054	2796	1762	503
Solution@de3a06f	1070	2917	1766	508
Solution@76b10754	1121	6880	2027	1538
Solution@2bea5ab4	1032	7455	2240	1842
Solution@3d8314f0	1005	9451	2438	2358
Solution@2df32bf7	1130	4108	1877	907
Solution@530612ba	967	36657	3775	8202
Solution@2a40cd94	1046	4162	1955	896
Solution@f4168b8	1033	18535	3735	5711
Solution@3bd94634	837	40298	5367	11594
Solution@58a90037	1142	3473	1784	771
Solution@74294adb	1061	2741	1808	397
Solution@70a9f84e	1041	6119	1911	1236
Solution@130f889	1195	3018	1783	569
Solution@1188e820	1084	7257	2251	1946
Solution@2f490758	1065	2965	1870	658
Solution@101df177	986	3210	1762	596
Solution@166fa74d	1024	5810	1953	1133
Solution@40f08448	1110	2900	1627	439
Solution@276438c9	1131	3001	1834	549
Solution@588df31b	1074	2906	1747	496
Solution@33b37288	1068	2306	1635	333
Solution@77a57272	1072	2675	1642	420
Solution@7181ae3f	962	2768	1636	398
Solution@46238e3f	1026	4931	1824	1011
Solution@6e2c9341	900	3228	1656	404
Solution@32464a14	1156	3640	1786	674
Solution@4e4aea35	1099	6162	2474	1858
Solution@1442d7b5	1075	4479	1917	1008
Solution@1efee8e7	1180	3044	1779	549
Solution@1ee807c6	1044	3372	1957	772
Solution@76a4d6c	1001	4056	1812	735
Solution@517cd4b	1065	4521	2000	1040
Solution@6cc7b4de	1096	3127	1638	454
Solution@32cf48b7	1054	4877	2094	1332
Solution@679b62af	961	3480	1863	724
Solution@5cdd8682	1049	3096	1731	563
Solution@d6da883	1098	3423	1832	637
Solution@45afc369	1148	2513	1752	431
Solution@799d4f69	1161	12097	2496	2846
Solution@49c43f4e	1169	2413	1806	418
Solution@290dbf45	1132	2368	1685	318
Solution@12028586	1178	6266	2223	1525
Solution@17776a8	1167	4131	2008	979
Solution@69a10787	985	4379	1906	985
Solution@2d127a61	1024	3441	1714	606
Solution@2bbaf4f0	1048	2144	1593	298
Solution@11c20519	1094	12697	2561	3141
Solution@70beb599	986	3593	1899	805
Solution@4e41089d	917	41243	7042	13752
Solution@32a068d1	1080	2516	1504	317
Solution@33cb5951	1067	2973	1760	577
Solution@365c30cc	1160	5532	1993	1304
Solution@701fc37a	1139	2570	1751	441
Solution@4148db48	973	3342	1775	624
Solution@282003e1	1133	3593	1741	594
Solution@7fad8c79	1115	3772	1797	684
Solution@71a794e5	1064	3249	1802	597
Solution@76329302	1007	2135	1615	293
Solution@5e25a92e	1130	2706	1797	534
Solution@4df828d7	1120	5118	2000	1060
Solution@b59d31	1066	2590	1792	464
Solution@62fdb4a6	1039	2540	1716	387
Solution@11e21d0e	1183	7083	2260	1717
Solution@1dd02175	1016	3838	1946	838
Solution@31206beb	1087	2279	1691	344
Solution@3e77a1ed	1095	3165	1713	542
Solution@3ffcd140	1019	7556	2093	1820
Solution@23bb8443	976	2360	1625	400
Solution@1176dcec	1032	2641	1632	387
Solution@120d6fe6	986	3548	1740	574
Solution@4ba2ca36	1038	21778	4686	7365
Solution@3444d69d	1058	3717	1762	720
Solution@1372ed45	1080	6227	2305	1681
Solution@6a79c292	1054	7257	2142	1475
Solution@37574691	1151	4480	1979	1023
Solution@25359ed8	1110	3358	2002	834
Solution@21a947fe	1153	8926	2567	2513
Solution@5606c0b	1064	3289	1869	707
Solution@80ec1f8	1063	3816	1766	576
Solution@1445d7f	1148	6113	1898	1064
Solution@6a396c1e	1072	2306	1657	363
Solution@6c3f5566	1097	8787	2822	2800
Solution@12405818	1061	2705	1720	502
Solution@314c508a	1055	5614	1811	1041
Solution@10b48321	1105	3370	1792	629
Solution@6b67034	1044	3283	1689	541
Solution@16267862	1132	3815	1857	763
Solution@453da22c	1062	5749	2363	1651
Solution@71248c21	1067	3934	1784	690
Solution@442675e1	1160	8234	2137	1780
Solution@6166e06f	1129	2293	1702	380
Solution@49e202ad	1140	3000	1681	533
Solution@1c72da34	1037	2831	1722	465
Solution@6b0c2d26	996	3025	1728	560
Solution@3d3fcdb0	1084	7106	2387	2072
Solution@641147d0	984	3996	1885	864
Solution@6e38921c	1090	3146	1775	586
Solution@64d7f7e0	1116	2992	1766	595
Solution@27c6e487	991	3073	1720	525
Solution@49070868	992	2340	1712	384
Solution@6385cb26	1008	3816	1788	813
Solution@38364841	1017	2040	1534	199
Solution@28c4711c	1060	21130	2828	4654
Solution@59717824	1014	3809	1792	742
Solution@146044d7	1071	6126	2081	1447
Solution@1e9e725a	1125	3603	1733	645
Solution@15d9bc04	1020	3580	1844	746
Solution@473b46c3	1054	3396	1878	708
Solution@516be40f	1058	4154	2023	1057
Solution@3c0a50da	1047	2636	1696	407
Solution@646be2c3	1093	3895	1879	761
Solution@797badd3	967	2424	1749	373
Solution@77be656f	1046	3042	1708	446
Solution@19dc67c2	1049	5315	1889	1264
Solution@221af3c0	1192	6447	2301	1717
Solution@62bd765	1099	3044	1840	642
Solution@23a5fd2	1128	4181	2092	1063
Solution@78a2da20	1134	2978	1865	609
Solution@dd3b207	993	2527	1694	403
Solution@551bdc27	1063	3072	1713	531
Solution@58fdd99	1150	2757	1718	459
Solution@6b1274d2	1057	3276	1700	557
Solution@7bc1a03d	998	3013	1708	502
Solution@70b0b186	851	2572	1818	485
Solution@ba8d91c	992	4359	1879	940
Solution@7364985f	1040	2798	1740	511
Solution@5d20e46	1089	3518	1794	732
Solution@709ba3fb	1021	3137	1751	566
Solution@3d36e4cd	1025	3488	1844	724
Solution@6a472554	969	5726	2062	1214
Solution@7ff2a664	934	2060	1538	276
Solution@525b461a	980	3084	1764	566
Solution@58c1c010	988	2781	1652	444
Solution@b7f23d9	916	2771	1707	525
Solution@61d47554	1142	3007	1653	455
Solution@69b794e2	1109	2649	1669	380
Solution@3f200884	927	4074	2108	1058
Solution@4d339552	1139	5243	2213	1272
Solution@f0f2775	1053	3776	1959	878
Solution@5a4aa2f2	938	12328	2531	2923
Solution@6591f517	929	2344	1571	329
Solution@345965f2	1072	4288	1772	868
Solution@429bd883	1002	5908	1980	1332
Solution@4d49af10	1064	5061	2056	1178
Solution@279ad2e3	1138	43357	8072	14987
Solution@58134517	1152	2991	1730	481
