Solution@34ce8af7	2034	5820	3653	704
Solution@880ec60	2005	6553	3482	720
Solution@3f3afe78	1592	5715	3434	693
Solution@7f63425a	1592	5751	3246	660
Solution@36d64342	1479	5577	3109	664
Solution@39ba5a14	1479	5412	2952	608
Solution@511baa65	1479	5721	2844	608
Solution@340f438e	1372	4872	2731	600
Solution@30c7da1e	1372	5049	2609	582
Solution@5b464ce8	1292	5049	2526	549
Solution@57829d67	1282	4530	2420	526
Solution@19dfb72a	1274	4530	2348	539
Solution@17c68925	1274	3795	2234	432
Solution@7e0ea639	1179	3397	2169	403
Solution@3d24753a	1179	3679	2136	408
Solution@59a6e353	1163	3701	2091	414
Solution@7a0ac6e3	1291	3566	2015	354
Solution@71be98f5	1291	3148	1993	348
Solution@6fadae5d	1088	3203	1964	350
Solution@17f6480	1088	2950	1953	338
Solution@2d6e8792	1062	3001	1924	364
Solution@2812cbfa	1088	3153	1917	348
Solution@2acf57e3	1088	3116	1874	321
Solution@506e6d5e	1056	2865	1843	318
Solution@96532d6	999	2856	1793	313
Solution@3796751b	976	2842	1762	309
Solution@67b64c45	976	3076	1739	310
Solution@4411d970	976	3215	1721	306
Solution@6442b0a6	1007	3215	1697	316
Solution@60f82f98	909	3215	1651	292
Solution@35f983a6	1039	3177	1648	291
Solution@7f690630	1045	2537	1646	252
Solution@edf4efb	991	2324	1641	239
Solution@2f7a2457	1088	2352	1646	243
Solution@566776ad	1088	2386	1640	242
Solution@6108b2d7	881	2311	1620	247
Solution@1554909b	881	2427	1613	251
Solution@6bf256fa	987	2458	1602	267
Solution@6cd8737	959	2396	1587	255
Solution@22f71333	959	2432	1585	274
Solution@13969fbe	906	2262	1572	268
Solution@6aaa5eb0	894	2352	1566	265
Solution@3498ed	903	2391	1549	257
Solution@1a407d53	903	2391	1550	250
Solution@3d8c7aca	829	2676	1552	261
Solution@5ebec15	799	2650	1559	277
Solution@21bcffb5	799	2284	1567	254
Solution@380fb434	799	2643	1550	262
Solution@668bc3d5	799	2447	1519	243
Solution@3cda1055	795	2447	1513	255
Solution@7a5d012c	795	2277	1481	256
Solution@3fb6a447	658	2524	1469	233
Solution@79b4d0f	658	2544	1460	251
Solution@6b2fad11	658	2221	1468	241
Solution@79698539	658	2352	1466	243
Solution@73f792cf	658	2315	1453	242
Solution@2ed94a8b	658	2760	1440	261
Solution@38082d64	697	2485	1432	249
Solution@dfd3711	697	2429	1427	235
Solution@42d3bd8b	697	2121	1415	234
Solution@26ba2a48	839	2098	1398	231
Solution@5f2050f6	830	2202	1377	245
Solution@3b81a1bc	830	2086	1378	234
Solution@64616ca2	808	2366	1360	244
Solution@13fee20c	808	2366	1346	243
Solution@4e04a765	771	2119	1336	225
Solution@783e6358	805	2119	1359	230
Solution@17550481	819	2226	1374	252
Solution@735f7ae5	652	2113	1370	236
Solution@180bc464	652	2305	1350	235
Solution@1324409e	652	2385	1337	243
Solution@2c6a3f77	795	2054	1359	239
Solution@246ae04d	730	2107	1365	242
Solution@62043840	730	2299	1345	235
Solution@5315b42e	730	2299	1357	251
Solution@2ef9b8bc	709	2271	1357	238
Solution@5d624da6	709	2194	1362	241
Solution@1e67b872	709	2194	1372	223
Solution@60addb54	709	2099	1368	233
Solution@3f2a3a5	660	2177	1373	236
Solution@4cb2c100	660	2186	1385	242
Solution@6fb554cc	660	2205	1402	243
Solution@614c5515	660	2279	1379	236
Solution@77b52d12	660	2253	1366	252
Solution@2d554825	660	2164	1344	242
Solution@68837a77	660	2222	1332	248
Solution@6be46e8f	651	2299	1348	249
Solution@3567135c	636	2256	1333	256
Solution@327471b5	651	2277	1327	264
Solution@4157f54e	651	2437	1313	273
Solution@90f6bfd	651	2348	1323	293
Solution@47f6473	651	2451	1306	302
Solution@15975490	651	2450	1273	280
Solution@6b143ee9	651	2107	1272	266
Solution@1936f0f5	651	2072	1280	268
Solution@6615435c	651	2100	1278	262
Solution@4909b8da	651	2087	1251	252
Solution@3a03464	651	1986	1219	237
Solution@2d3fcdbd	651	1859	1215	232
Solution@617c74e5	651	2070	1200	230
Solution@6537cf78	581	2031	1187	238
Solution@67b6d4ae	666	2032	1171	221
Solution@34b7bfc0	666	1880	1172	217
Solution@366e2eef	700	1798	1165	202
Solution@6df97b55	700	1909	1175	206
Solution@3cbbc1e0	700	1834	1189	208
Solution@35fb3008	645	1748	1188	222
Solution@7225790e	645	1935	1185	220
Solution@54a097cc	621	1902	1169	215
Solution@36f6e879	612	1950	1163	207
Solution@5a61f5df	612	1766	1151	209
Solution@3551a94	612	1971	1156	220
Solution@531be3c5	624	1788	1151	213
Solution@52af6cff	624	1730	1157	205
Solution@735b478	624	2035	1164	220
Solution@2c9f9fb0	584	1932	1167	221
Solution@2096442d	584	2105	1176	226
Solution@9f70c54	584	2025	1155	217
Solution@234bef66	584	1856	1171	207
Solution@737996a0	584	1873	1186	215
Solution@61dc03ce	584	1965	1165	229
Solution@50f8360d	584	1965	1185	227
Solution@2cb4c3ab	584	1977	1187	226
Solution@13c78c0b	584	1796	1176	210
Solution@12843fce	584	1993	1176	222
Solution@3dd3bcd	584	1867	1162	217
Solution@97e1986	584	1931	1170	222
Solution@26f67b76	584	2106	1176	224
Solution@153f5a29	584	2106	1168	221
Solution@7f560810	584	2045	1169	222
Solution@69d9c55	584	1997	1177	219
Solution@13a57a3b	584	1945	1168	236
Solution@7ca48474	584	1941	1168	229
Solution@337d0578	584	2070	1158	228
Solution@59e84876	584	1837	1180	226
Solution@61a485d2	584	1953	1193	223
Solution@39fb3ab6	584	1881	1201	225
Solution@6276ae34	584	1911	1187	212
Solution@7946e1f4	584	1884	1179	222
Solution@3c09711b	584	1806	1171	209
Solution@5cc7c2a6	584	1957	1188	223
Solution@b97c004	584	1977	1174	228
Solution@4590c9c3	584	1916	1158	242
Solution@32e6e9c3	584	1992	1162	253
Solution@5056dfcb	584	1911	1153	245
Solution@6574b225	587	1902	1167	241
Solution@2669b199	663	1856	1176	239
Solution@2344fc66	659	1907	1156	240
Solution@458ad742	614	1935	1152	239
Solution@5afa04c	614	1908	1139	229
Solution@6ea12c19	614	2260	1142	233
Solution@6a024a67	614	1808	1144	237
Solution@7921b0a2	614	2124	1140	225
Solution@174d20a	617	1838	1136	217
Solution@66d2e7d9	617	2201	1156	233
Solution@1efbd816	584	2201	1144	228
Solution@6a2bcfcb	584	2000	1149	230
Solution@4de8b406	584	1827	1129	225
Solution@3c756e4d	584	1827	1142	231
Solution@7c0e2abd	584	2052	1148	232
Solution@48eff760	578	1973	1123	222
Solution@402f32ff	578	2025	1126	223
Solution@573f2bb1	519	2098	1122	234
Solution@5ae9a829	519	1841	1123	219
Solution@6d8a00e3	519	1935	1129	238
Solution@548b7f67	519	1935	1144	246
Solution@7ac7a4e4	519	1831	1111	225
Solution@6d78f375	519	1831	1088	214
Solution@50c87b21	519	1704	1092	217
Solution@5f375618	519	2070	1079	220
Solution@1810399e	519	1740	1088	213
Solution@32d992b2	519	1769	1102	206
Solution@215be6bb	519	1826	1120	216
Solution@4439f31e	513	1869	1127	221
Solution@5dfcfece	513	1958	1123	233
Solution@23ceabc1	513	2175	1123	233
Solution@5d5eef3d	513	1807	1135	231
Solution@56f4468b	513	1792	1116	224
Solution@6cc4c815	501	1817	1119	226
Solution@3a82f6ef	513	2004	1109	228
Solution@100fc185	510	1853	1107	229
Solution@643b1d11	510	1937	1105	229
Solution@2ef5e5e3	510	1759	1080	219
Solution@36d4b5c	510	1850	1078	225
Solution@6d00a15d	510	1804	1091	212
Solution@51efea79	510	1795	1089	209
Solution@5034c75a	510	1707	1094	224
Solution@396a51ab	552	1936	1088	218
Solution@51081592	510	1871	1086	240
Solution@7f9a81e8	510	2083	1065	224
Solution@9629756	510	1764	1066	215
Solution@62ee68d8	510	1624	1068	221
Solution@735b5592	510	1733	1044	227
Solution@58651fd0	507	1723	1058	233
Solution@4520ebad	507	1826	1034	223
Solution@5419f379	507	1766	1034	234
Solution@7dc7cbad	507	1849	1040	244
Solution@d2cc05a	507	1783	1046	229
Solution@4f933fd1	513	1764	1061	225
Solution@548a9f61	513	2101	1078	238
Solution@1753acfe	513	2009	1058	231
Solution@7c16905e	513	1844	1068	231
Solution@2a2d45ba	513	1831	1063	226
Solution@2a5ca609	513	1812	1077	213
Solution@20e2cbe0	513	1799	1101	246
Solution@68be2bc2	488	1967	1085	241
Solution@28feb3fa	488	1766	1064	225
Solution@675d3402	488	1836	1063	230
Solution@51565ec2	488	1756	1047	219
Solution@482f8f11	488	1862	1042	232
Solution@1593948d	488	1919	1039	239
Solution@1b604f19	488	1727	1037	230
Solution@7823a2f9	488	1606	1012	219
Solution@4cc0edeb	488	1703	1018	234
Solution@457e2f02	488	1685	1014	227
Solution@5c7fa833	488	1830	1016	228
Solution@39aeed2f	488	1941	1004	237
Solution@724af044	488	1720	1004	226
Solution@4678c730	509	1817	1000	219
Solution@6767c1fc	509	1601	993	229
Solution@29ee9faa	509	1922	991	250
Solution@c038203	509	2003	973	244
Solution@cc285f4	509	1761	983	231
Solution@55f3ddb1	506	1646	984	228
Solution@8bd1b6a	503	1859	969	231
Solution@18be83e4	476	1715	948	222
Solution@cb5822	476	1599	960	219
Solution@4b9e13df	476	1683	941	221
Solution@2b98378d	503	1634	956	210
Solution@475530b9	509	1757	960	218
Solution@1d057a39	509	1763	962	212
Solution@26be92ad	476	1766	965	240
Solution@4c70fda8	476	2060	936	235
Solution@224edc67	476	1933	937	236
Solution@14acaea5	461	1726	910	225
Solution@46d56d67	470	2045	928	242
Solution@d8355a8	470	2024	911	249
Solution@59fa1d9b	470	1710	921	237
Solution@28d25987	470	1807	932	229
Solution@4501b7af	470	1834	933	236
Solution@523884b2	470	1830	927	239
Solution@5b275dab	470	1603	925	238
Solution@61832929	470	1624	919	230
Solution@29774679	470	1644	914	216
Solution@3ffc5af1	470	1506	920	217
Solution@5e5792a0	470	1635	925	229
Solution@26653222	467	1751	923	229
Solution@3532ec19	467	1751	916	236
Solution@68c4039c	467	1623	926	229
Solution@ae45eb6	467	1598	944	229
Solution@59f99ea	478	1744	960	237
Solution@27efef64	478	2251	959	251
Solution@6f7fd0e6	478	1610	959	219
Solution@47c62251	478	1766	970	233
Solution@3e6fa38a	469	1897	951	234
Solution@66a3ffec	469	1667	955	234
Solution@77caeb3e	469	1763	936	240
Solution@1e88b3c	469	1772	911	246
Solution@42d80b78	469	1693	927	244
Solution@3bfdc050	469	2206	928	255
Solution@1bce4f0a	469	1709	914	225
Solution@5e3a8624	469	1743	949	235
Solution@5c3bd550	466	1665	957	231
Solution@91161c7	466	1585	954	222
Solution@604ed9f0	466	1626	960	215
Solution@6a4f787b	466	1834	971	217
Solution@685cb137	466	1704	975	229
Solution@6a41eaa2	466	1715	967	228
Solution@7cd62f43	466	1862	980	247
Solution@6d4b1c02	448	1846	969	239
Solution@6093dd95	448	1691	970	235
Solution@5622fdf	448	1774	959	225
Solution@4883b407	448	1616	965	220
Solution@7d9d1a19	448	1552	961	218
Solution@39c0f4a	463	1737	965	225
Solution@1794d431	460	1766	970	225
Solution@42e26948	460	1744	989	225
Solution@57baeedf	460	1683	966	214
Solution@343f4d3d	460	1860	987	239
Solution@53b32d7	460	1775	976	222
Solution@5442a311	460	1637	978	214
Solution@548e7350	460	1875	976	228
Solution@1a968a59	451	1768	977	234
Solution@4667ae56	466	1585	974	226
Solution@77cd7a0	463	1754	983	236
Solution@204f30ec	463	1773	986	236
Solution@e25b2fe	463	1693	965	239
Solution@754ba872	463	1740	948	239
Solution@146ba0ac	513	1722	970	235
Solution@4dfa3a9d	512	1732	954	237
Solution@6eebc39e	531	1641	945	222
Solution@464bee09	460	1840	972	236
Solution@f6c48ac	460	1827	984	239
Solution@13deb50e	460	1660	990	233
Solution@239963d8	460	1768	980	225
Solution@3abbfa04	466	1862	992	234
Solution@57fffcd7	466	1845	1009	239
Solution@31ef45e3	469	1907	1027	253
Solution@598067a5	469	1810	1014	228
Solution@3c0ecd4b	469	1783	1014	229
Solution@14bf9759	469	1796	1023	238
Solution@5f341870	466	1821	1026	239
Solution@553f17c	466	1804	1015	246
Solution@4f7d0008	466	1798	1008	236
Solution@271053e1	466	1943	996	248
Solution@589838eb	466	1956	990	237
Solution@42dafa95	466	2054	989	238
Solution@6500df86	509	1617	982	230
Solution@402a079c	474	2060	958	229
Solution@59ec2012	460	1810	961	229
Solution@4cf777e8	460	1761	955	230
Solution@2f686d1f	460	1687	959	223
Solution@3fee9989	454	1834	971	229
Solution@73ad2d6	460	1681	966	224
Solution@7085bdee	457	1739	956	225
Solution@1ce92674	457	1788	945	235
Solution@5700d6b1	457	1627	917	231
Solution@6fd02e5	457	1751	890	229
Solution@5bcab519	457	1789	890	218
Solution@e45f292	457	1727	903	226
Solution@5f2108b5	457	1589	900	237
Solution@31a5c39e	466	1774	892	233
Solution@3f49dace	466	1853	898	238
Solution@1e397ed7	466	1818	879	226
Solution@490ab905	466	2164	878	219
Solution@56ac3a89	466	1576	874	213
Solution@27c20538	463	1666	854	217
Solution@72d818d1	463	1609	886	221
Solution@6e06451e	457	1681	884	229
Solution@59494225	457	1714	878	237
Solution@6e1567f1	460	1612	899	241
Solution@5cb9f472	460	1687	919	241
Solution@cb644e	442	1579	915	232
Solution@13805618	442	1632	921	229
Solution@56ef9176	442	1661	921	231
Solution@4566e5bd	442	1787	918	232
Solution@1ed4004b	442	1806	921	232
Solution@ff5b51f	442	1691	917	232
Solution@25bbe1b6	442	1703	924	237
Solution@5702b3b1	442	1666	922	235
Solution@69ea3742	442	1686	901	222
Solution@4b952a2d	436	1638	887	211
Solution@3159c4b8	436	1701	907	223
Solution@73846619	436	1916	907	232
Solution@4bec1f0c	436	1678	918	230
Solution@29ca901e	436	1797	925	234
Solution@5649fd9b	457	1709	922	234
Solution@6adede5	457	1706	909	227
Solution@2d928643	457	1729	910	221
Solution@5025a98f	457	1564	948	218
Solution@49993335	457	1594	970	227
Solution@20322d26	457	1677	957	247
Solution@192b07fd	457	1572	944	234
Solution@64bfbc86	451	1904	918	241
Solution@64bf3bbf	451	1668	906	239
Solution@55d56113	451	1615	906	236
Solution@148080bb	451	2005	920	254
Solution@dc24521	457	1620	913	245
Solution@10bdf5e5	463	1887	892	244
Solution@6e1ec318	463	1726	890	247
Solution@7e0b0338	457	2095	882	250
Solution@617faa95	451	1728	903	245
Solution@1e127982	439	1689	897	231
Solution@60c6f5b	439	1571	885	233
Solution@2038ae61	466	1705	907	237
Solution@3c0f93f1	466	1749	884	224
Solution@31dc339b	466	1607	882	234
Solution@544fe44c	433	1822	881	235
Solution@31610302	433	1687	871	235
Solution@71318ec4	433	1649	871	235
Solution@21213b92	433	1609	875	244
Solution@a67c67e	442	1731	860	231
Solution@3327bd23	424	2064	862	224
Solution@4e1d422d	412	1885	852	222
Solution@66480dd7	463	1712	867	225
Solution@52a86356	463	1723	877	240
Solution@5ce81285	454	1805	875	239
Solution@78c03f1f	433	1673	875	236
Solution@5ec0a365	439	1922	872	238
Solution@4fe3c938	439	1524	872	219
Solution@5383967b	457	1524	884	209
Solution@2ac273d3	451	1742	899	226
Solution@71423665	451	1609	902	220
Solution@20398b7c	451	1635	903	220
Solution@6fc6f14e	451	1894	914	241
Solution@56235b8e	451	1717	911	226
Solution@3632be31	451	1717	919	227
Solution@5abca1e0	451	1686	922	222
Solution@2286778	451	1707	933	241
Solution@4e9ba398	451	1824	930	228
Solution@6d7b4f4c	442	1633	950	240
Solution@527740a2	436	1587	943	227
Solution@13a5fe33	436	1952	954	238
Solution@3108bc	436	1851	944	239
Solution@370736d9	436	1754	920	235
Solution@5f9d02cb	436	1675	932	224
Solution@63753b6d	436	1620	942	225
Solution@6b09bb57	451	1667	940	234
Solution@6536e911	436	1669	936	232
Solution@520a3426	436	1711	938	231
Solution@18eed359	436	1534	914	213
Solution@3e9b1010	436	1666	912	227
Solution@6c3708b3	436	1873	926	246
Solution@6f1fba17	436	1615	925	247
Solution@185d8b6	436	1676	917	247
Solution@67784306	436	1742	903	239
Solution@335eadca	436	1714	909	236
Solution@210366b4	460	1688	908	238
Solution@eec5a4a	442	1721	904	235
Solution@2b2948e2	442	1866	902	248
Solution@6ddf90b0	442	1700	904	227
Solution@57536d79	442	1596	906	224
Solution@3b0143d3	430	1843	900	214
Solution@5a8e6209	430	1878	928	239
Solution@4b4523f8	430	1772	938	238
Solution@731a74c	430	2167	921	251
Solution@369f73a2	430	2133	918	248
Solution@1f28c152	430	2133	916	245
Solution@7d907bac	430	2133	906	249
Solution@7791a895	430	1861	905	240
Solution@3a5ed7a6	430	1969	938	269
Solution@6325a3ee	430	1914	938	256
Solution@1d16f93d	430	1822	930	248
Solution@67b92f0a	430	1730	938	247
Solution@2b9627bc	430	1823	919	243
Solution@65e2dbf3	439	1697	922	238
Solution@4f970963	421	1578	902	229
Solution@61f8bee4	421	1597	906	235
Solution@7b49cea0	421	1667	899	237
Solution@887af79	421	1729	879	235
Solution@7fac631b	421	1502	859	227
Solution@5b87ed94	421	1546	850	219
Solution@6e0e048a	421	1746	854	229
Solution@5bc79255	421	1736	866	238
Solution@47ef968d	421	1693	861	232
Solution@23e028a9	421	1654	837	214
Solution@3dd4520b	421	1600	859	230
Solution@5ae63ade	421	1670	871	233
Solution@610694f1	421	1649	861	227
Solution@43814d18	421	1928	861	245
Solution@5c5a1b69	421	1659	857	245
Solution@3701eaf6	421	1866	845	246
Solution@627551fb	421	1562	830	237
Solution@2b552920	421	1532	835	235
Solution@2758fe70	421	1673	852	242
Solution@1f36e637	433	1577	843	234
Solution@578486a3	421	1640	874	250
Solution@551aa95a	445	1861	890	251
Solution@35d176f7	445	1742	867	240
Solution@1dfe2924	421	1811	868	236
Solution@6ebc05a6	421	1964	873	231
Solution@6e6c3152	421	1946	883	249
Solution@50b494a6	421	1621	882	244
Solution@3cef309d	421	1573	884	241
Solution@32709393	421	1850	875	243
Solution@3d99d22e	421	1661	880	242
Solution@49fc609f	421	1612	864	241
Solution@cd2dae5	421	1792	876	234
Solution@3a883ce7	421	1874	881	238
Solution@4973813a	421	1697	876	245
Solution@6321e813	424	1625	854	244
Solution@79be0360	436	1776	845	243
Solution@22a67b4	436	1671	839	235
Solution@57855c9a	436	1620	834	232
Solution@3b084709	436	1728	877	247
Solution@3224f60b	445	1703	878	255
Solution@63e2203c	439	1658	850	242
Solution@1efed156	439	1898	866	246
Solution@6737fd8f	436	1672	854	245
Solution@72b6cbcc	436	1864	843	233
Solution@a7e666	433	1713	861	237
Solution@68bbe345	424	1781	869	238
Solution@30b8a058	424	1469	851	225
Solution@7494e528	424	1732	857	241
Solution@4bbfb90a	424	1732	856	235
Solution@7c29daf3	424	1737	844	229
Solution@9660f4e	421	1599	857	240
Solution@5a8806ef	421	1713	871	256
Solution@6c49835d	421	1788	861	246
Solution@5e853265	421	1887	862	243
Solution@67205a84	409	1887	878	242
Solution@7d0587f1	409	1927	880	260
Solution@5d76b067	409	1780	875	247
Solution@2a17b7b6	409	1780	877	249
Solution@4f063c0a	409	1817	893	249
Solution@1e6d1014	409	1548	875	239
Solution@76707e36	436	1587	861	232
Solution@614ddd49	436	1945	880	238
Solution@1f554b06	454	2206	896	237
Solution@694e1548	454	1853	898	222
Solution@1c3a4799	436	1701	896	228
Solution@131276c2	448	1870	905	220
Solution@26aa12dd	448	1433	921	209
Solution@3fd7a715	448	1577	926	215
Solution@711f39f9	448	1586	923	233
Solution@71bbf57e	448	1698	918	250
Solution@7f13d6e	448	1702	942	256
Solution@51cdd8a	448	1850	912	249
Solution@d44fc21	433	1706	908	243
Solution@23faf8f2	433	1721	916	243
Solution@2d6eabae	433	1965	903	243
Solution@4e7dc304	433	1539	916	242
Solution@64729b1e	433	1676	923	240
Solution@10bbd20a	433	1835	949	236
Solution@48503868	433	1647	930	223
Solution@6895a785	433	1609	928	242
Solution@184f6be2	433	1785	939	245
Solution@56aac163	430	1785	922	240
Solution@1f7030a6	430	1958	913	248
Solution@5a1c0542	430	1734	887	244
Solution@396f6598	430	1973	893	250
Solution@394e1a0f	421	1693	882	236
Solution@27a5f880	421	1506	868	228
Solution@1d29cf23	421	1528	866	220
Solution@5f282abb	421	1691	879	244
Solution@167fdd33	421	1645	863	235
Solution@1e965684	421	1594	846	218
Solution@4d95d2a2	421	1655	867	219
Solution@53f65459	421	1693	888	238
Solution@3b088d51	421	1765	885	231
Solution@1786dec2	421	1630	894	224
Solution@74650e52	421	1626	907	237
Solution@15d0c81b	421	1939	920	253
Solution@6acdbdf5	421	1864	913	244
Solution@4b1c1ea0	421	1615	912	230
Solution@17579e0f	409	1598	910	218
Solution@4d41cee	409	1588	919	228
Solution@3712b94	436	1731	918	230
Solution@2833cc44	436	1751	947	236
Solution@33f88ab	436	1593	939	223
Solution@27a8c74e	436	1735	947	244
Solution@2d8f65a4	436	2147	962	247
Solution@1b68ddbd	436	1641	943	229
Solution@646d64ab	436	1707	962	230
Solution@59e5ddf	475	1699	957	234
Solution@536aaa8d	475	1906	976	254
Solution@e320068	436	1906	960	247
Solution@1f57539	436	1879	944	240
Solution@76f2b07d	436	1881	948	254
Solution@704a52ec	412	1916	929	252
Solution@6ee52dcd	412	2035	916	245
Solution@4493d195	412	1702	879	244
Solution@2781e022	421	1683	880	256
Solution@57e1b0c	421	1825	896	249
Solution@4232c52b	421	1767	886	246
Solution@1877ab81	421	1600	899	244
Solution@305fd85d	424	1622	865	237
Solution@458c1321	424	1686	890	247
Solution@11438d26	424	1717	907	246
Solution@34cd072c	424	1717	905	246
Solution@7a1ebcd8	421	1957	911	256
Solution@5faeada1	421	1851	928	243
Solution@528931cf	421	1795	933	237
Solution@ea1a8d5	421	1791	941	228
Solution@1563da5	473	2035	947	246
Solution@2bbf4b8b	465	1699	939	229
Solution@30a3107a	465	1568	921	218
Solution@33c7e1bb	436	1714	940	226
Solution@34c4973	436	1795	927	229
Solution@52feb982	430	1515	929	226
Solution@7a765367	430	1759	953	250
Solution@76b0bfab	430	1993	935	242
Solution@17d677df	430	1634	942	235
Solution@3043fe0e	430	1824	944	216
Solution@78e67e0a	430	1679	946	237
Solution@bd8db5a	433	1634	939	228
Solution@2f943d71	433	1677	937	234
Solution@80503	427	1746	938	234
Solution@4b553d26	427	1719	941	250
Solution@69a3d1d	427	1719	915	248
Solution@86be70a	424	1667	916	258
Solution@480bdb19	424	1636	892	252
Solution@2a556333	424	1777	860	241
Solution@7d70d1b1	424	1625	839	231
Solution@2a742aa2	412	1787	854	237
Solution@3cb1ffe6	406	1617	841	230
Solution@3dfc5fb8	406	1617	842	230
Solution@467aecef	406	1585	886	255
Solution@4d50efb8	406	1653	893	251
Solution@7e2d773b	406	1548	867	229
Solution@2173f6d9	406	1553	880	246
Solution@307f6b8c	406	1753	886	255
Solution@7a187f14	424	1774	878	262
Solution@6f195bc3	424	1654	861	243
Solution@51e2adc7	424	1789	870	254
Solution@1a8a8f7c	424	1582	867	240
Solution@2353b3e6	424	1854	859	245
Solution@631330c	424	1854	852	239
Solution@42f93a98	466	1604	847	239
Solution@c46bcd4	424	1872	872	236
Solution@3234e239	424	1703	875	246
Solution@3d921e20	424	1792	910	260
Solution@36b4cef0	424	1756	897	250
Solution@fad74ee	424	1658	904	251
Solution@1a1d6a08	424	1734	898	251
Solution@37d31475	424	1859	910	263
Solution@27808f31	424	1768	873	263
Solution@436e852b	424	1678	874	263
Solution@32d2fa64	430	1976	857	258
Solution@1d8d30f7	415	1701	834	252
Solution@3e57cd70	430	1737	850	243
Solution@9a7504c	424	1495	827	228
Solution@2c039ac6	424	1496	800	219
Solution@587d1d39	424	1550	812	220
Solution@58c1670b	424	1651	816	224
Solution@6b57696f	424	1800	813	222
Solution@5bb21b69	424	1736	832	215
Solution@6b9651f3	424	1978	846	227
Solution@38bc8ab5	424	1619	845	222
Solution@687080dc	439	1564	843	228
Solution@23d2a7e8	439	1550	862	225
Solution@7a9273a8	439	1673	857	225
Solution@26a7b76d	436	1818	885	240
Solution@4abdb505	436	1818	857	226
Solution@7ce6a65d	439	1490	836	214
Solution@1500955a	439	1540	852	220
Solution@e874448	439	1769	873	228
Solution@29b5cd00	430	1714	874	220
Solution@60285225	430	1865	870	230
Solution@7113b13f	430	1612	890	247
Solution@45820e51	430	1726	886	245
Solution@42d8062c	430	1763	870	239
Solution@6043cd28	421	1851	846	236
Solution@cb51256	421	1610	852	232
Solution@59906517	421	1566	854	243
Solution@5bfbf16f	421	1493	821	236
Solution@25af5db5	421	1434	817	218
Solution@12cdcf4	421	1562	821	229
Solution@5bcea91b	421	1830	830	263
Solution@5f3a4b84	421	1540	805	236
Solution@27f723	421	1702	815	243
Solution@670b40af	421	1926	836	240
Solution@4923ab24	421	1711	826	230
Solution@44c8afef	421	1572	837	232
Solution@7b69c6ba	421	1678	842	233
Solution@46daef40	421	1910	873	241
Solution@12f41634	421	1604	884	230
Solution@13c27452	421	1670	885	235
Solution@262b2c86	421	1670	908	256
Solution@371a67ec	421	1729	895	243
Solution@5ed828d	421	1618	884	247
Solution@50d0686	421	1575	878	238
Solution@7a3d45bd	421	1969	882	254
Solution@1e7c7811	421	1636	858	235
Solution@77ec78b9	421	1484	851	221
Solution@1a3869f4	436	1733	839	225
Solution@a38d7a3	430	1647	845	234
Solution@77f99a05	427	1674	846	246
Solution@63440df3	418	1687	819	242
Solution@3aeaafa6	418	1551	817	221
Solution@76a3e297	418	1802	818	240
Solution@4d3167f4	418	1788	831	246
Solution@ed9d034	424	1687	816	225
Solution@6121c9d6	421	1649	819	230
Solution@87f383f	421	1707	821	235
Solution@4eb7f003	415	1703	812	242
Solution@eafc191	415	1614	811	231
Solution@612fc6eb	415	1644	820	243
Solution@1060b431	421	1751	836	255
Solution@612679d6	418	1562	838	242
Solution@11758f2a	418	1524	853	242
Solution@e720b71	418	1668	836	237
Solution@1b26f7b2	418	1715	849	238
Solution@491cc5c9	418	1752	847	239
Solution@74ad1f1f	418	1626	838	218
Solution@6a1aab78	418	1680	821	217
Solution@462d5aee	418	1425	810	216
Solution@69b0fd6f	418	1651	823	210
Solution@757942a1	429	1566	821	224
