Solution@34ce8af7	1034	1839	1378	192
Solution@880ec60	999	2016	1462	291
Solution@3f3afe78	995	3078	1531	508
Solution@7f63425a	998	3826	1667	712
Solution@36d64342	956	3614	1940	950
Solution@39ba5a14	883	3239	1621	637
Solution@511baa65	976	2738	1579	489
Solution@340f438e	977	5486	1950	1394
Solution@30c7da1e	920	4641	1939	1204
Solution@5b464ce8	996	4346	1730	1034
Solution@57829d67	1021	2127	1508	317
Solution@19dfb72a	962	2639	1597	517
Solution@17c68925	947	7760	2333	2218
Solution@7e0ea639	1005	2028	1509	284
Solution@3d24753a	1002	2411	1502	382
Solution@59a6e353	1051	14372	2651	3205
Solution@7a0ac6e3	939	2738	1563	512
Solution@71be98f5	1005	3540	1501	577
Solution@6fadae5d	970	9712	2461	2676
Solution@17f6480	988	52996	8588	17913
Solution@2d6e8792	968	3675	1828	945
Solution@2812cbfa	1012	4605	1829	1117
Solution@2acf57e3	943	5732	1756	1125
Solution@506e6d5e	1001	2351	1438	344
Solution@96532d6	917	7879	2584	2365
Solution@3796751b	971	2529	1575	504
Solution@67b64c45	991	7597	2080	1945
Solution@4411d970	1021	3159	1544	610
Solution@6442b0a6	909	3205	1604	546
Solution@60f82f98	1035	2095	1463	268
Solution@35f983a6	1019	3295	1555	644
Solution@7f690630	982	1990	1467	286
Solution@edf4efb	946	4770	1758	1084
Solution@2f7a2457	950	3971	1664	820
Solution@566776ad	871	3252	1590	656
Solution@6108b2d7	951	2977	1678	689
Solution@1554909b	1000	2235	1384	303
Solution@6bf256fa	971	2715	1648	516
Solution@6cd8737	1038	3248	1581	604
Solution@22f71333	997	8517	2297	2421
Solution@13969fbe	915	5088	1769	1151
Solution@6aaa5eb0	949	2063	1466	256
Solution@3498ed	854	2334	1493	378
Solution@1a407d53	1031	2649	1517	441
Solution@3d8c7aca	1008	2720	1501	412
Solution@5ebec15	921	2539	1482	343
Solution@21bcffb5	956	4215	1823	983
Solution@380fb434	958	4135	1893	1009
Solution@668bc3d5	935	2868	1396	320
Solution@3cda1055	964	2386	1489	383
Solution@7a5d012c	914	2268	1484	369
Solution@3fb6a447	1016	5673	1731	1180
Solution@79b4d0f	983	2747	1560	508
Solution@6b2fad11	979	5246	1795	1269
Solution@79698539	985	6072	1768	1196
Solution@73f792cf	1029	2198	1481	316
Solution@2ed94a8b	1081	3847	1791	939
Solution@38082d64	819	5211	1940	1334
Solution@dfd3711	978	3150	1571	647
Solution@42d3bd8b	1051	6818	2220	1927
Solution@26ba2a48	999	50451	4472	11599
Solution@5f2050f6	1038	2310	1543	418
Solution@3b81a1bc	989	7002	2036	1749
Solution@64616ca2	924	2292	1543	338
Solution@13fee20c	927	3564	1812	789
Solution@4e04a765	968	2756	1591	514
Solution@783e6358	1060	2005	1491	286
Solution@17550481	969	2677	1590	488
Solution@735f7ae5	1019	6343	2091	1688
Solution@180bc464	946	8050	2060	1967
Solution@1324409e	950	2673	1555	470
Solution@2c6a3f77	863	2148	1492	346
Solution@246ae04d	967	2193	1466	362
Solution@62043840	940	3561	1590	669
Solution@5315b42e	947	3709	1644	808
Solution@2ef9b8bc	1010	5233	1749	1147
Solution@5d624da6	1000	2780	1448	319
Solution@1e67b872	933	9205	2274	2451
Solution@60addb54	939	3076	1672	687
Solution@3f2a3a5	944	3010	1582	552
Solution@4cb2c100	1016	3372	1766	767
Solution@6fb554cc	898	3635	1668	683
Solution@614c5515	881	8356	2014	2022
Solution@77b52d12	942	4703	1834	1091
Solution@2d554825	947	2554	1512	415
Solution@68837a77	947	9273	2538	2715
Solution@6be46e8f	980	3358	1504	533
Solution@3567135c	981	3234	1574	577
Solution@327471b5	924	2325	1460	362
Solution@4157f54e	898	9667	2605	2969
Solution@90f6bfd	916	3016	1709	576
Solution@47f6473	1075	2347	1573	411
Solution@15975490	1043	43436	4359	10735
Solution@6b143ee9	1060	6753	2610	2158
Solution@1936f0f5	991	3595	1808	836
Solution@6615435c	1002	2541	1539	375
Solution@4909b8da	1029	1914	1450	250
Solution@3a03464	1024	2298	1516	411
Solution@2d3fcdbd	1069	2810	1856	641
Solution@617c74e5	1052	3349	1653	689
Solution@6537cf78	870	3203	1651	691
Solution@67b6d4ae	896	6139	1760	1150
Solution@34b7bfc0	934	2216	1472	308
Solution@366e2eef	1017	5430	1854	1220
Solution@6df97b55	979	3671	1597	680
Solution@3cbbc1e0	916	13334	2555	3314
Solution@35fb3008	944	2257	1397	324
Solution@7225790e	1010	1806	1354	203
Solution@54a097cc	1018	3045	1634	557
Solution@36f6e879	1047	2903	1660	538
Solution@5a61f5df	1049	5703	2215	1474
Solution@3551a94	1116	2653	1471	294
Solution@531be3c5	967	1859	1381	218
Solution@52af6cff	753	3231	1621	628
Solution@735b478	988	2169	1384	309
Solution@2c9f9fb0	994	2631	1586	512
Solution@2096442d	1013	3883	1783	909
Solution@9f70c54	1032	1908	1434	231
Solution@234bef66	1029	3640	1676	794
Solution@737996a0	994	1840	1360	189
Solution@61dc03ce	1067	3948	1842	980
Solution@50f8360d	970	4974	1723	998
Solution@2cb4c3ab	984	2360	1507	404
Solution@13c78c0b	997	4376	1747	997
Solution@12843fce	1016	16274	2837	4418
Solution@3dd3bcd	949	2968	1471	480
Solution@97e1986	1013	8118	2453	2436
Solution@26f67b76	1031	3797	1690	785
Solution@153f5a29	946	2249	1561	382
Solution@7f560810	1050	6666	2247	1967
Solution@69d9c55	952	2387	1416	322
Solution@13a57a3b	1041	2236	1544	399
Solution@7ca48474	1005	4552	1829	973
Solution@337d0578	989	4316	1760	996
Solution@59e84876	906	10842	2538	3059
Solution@61a485d2	976	2401	1460	352
Solution@39fb3ab6	1023	3598	1774	838
Solution@6276ae34	994	3860	1792	834
Solution@7946e1f4	888	3058	1624	594
Solution@3c09711b	1006	3233	1678	664
Solution@5cc7c2a6	973	5789	2149	1662
Solution@b97c004	928	2012	1467	325
Solution@4590c9c3	999	2598	1579	441
Solution@32e6e9c3	940	3465	1574	632
Solution@5056dfcb	1025	7427	2330	1997
Solution@6574b225	981	359463	55159	127831
Solution@2669b199	1040	2821	1562	551
Solution@2344fc66	1045	2177	1467	270
Solution@458ad742	997	3682	1871	889
Solution@5afa04c	919	3801	1809	868
Solution@6ea12c19	938	2611	1390	368
Solution@6a024a67	1025	4587	1960	1179
Solution@7921b0a2	986	4571	1683	826
Solution@174d20a	982	2914	1650	577
Solution@66d2e7d9	911	2365	1481	343
Solution@1efbd816	997	2508	1485	391
Solution@6a2bcfcb	994	2640	1649	501
Solution@4de8b406	890	8608	2005	2007
Solution@3c756e4d	994	4278	1666	878
Solution@7c0e2abd	944	1852	1386	212
Solution@48eff760	911	3362	1600	708
Solution@402f32ff	1006	6177	1938	1561
Solution@573f2bb1	968	6787	2549	2110
Solution@5ae9a829	1125	3475	1681	686
Solution@6d8a00e3	963	14310	2648	3870
Solution@548b7f67	912	3306	1690	719
Solution@7ac7a4e4	1018	4018	1613	797
Solution@6d78f375	1000	7824	2138	2089
Solution@50c87b21	853	54245	6686	15798
Solution@5f375618	988	4018	1887	964
Solution@1810399e	998	2509	1506	420
Solution@32d992b2	958	3051	1574	619
Solution@215be6bb	967	3305	1567	610
Solution@4439f31e	915	4032	1585	774
Solution@5dfcfece	954	3059	1784	682
Solution@23ceabc1	1032	3224	1536	506
Solution@5d5eef3d	918	3538	1669	653
Solution@56f4468b	1000	2745	1635	512
Solution@6cc4c815	955	14566	3020	4261
Solution@3a82f6ef	1002	11009	2964	3423
Solution@100fc185	1019	3742	1692	780
Solution@643b1d11	1043	29126	4400	8553
Solution@2ef5e5e3	909	18760	3879	5469
Solution@36d4b5c	930	7734	2139	2033
Solution@6d00a15d	919	3615	1625	688
Solution@51efea79	1004	4846	2474	1587
Solution@5034c75a	969	5877	1940	1517
Solution@396a51ab	1036	13411	3347	4395
Solution@51081592	1004	4828	1724	937
Solution@7f9a81e8	1050	9807	2548	2891
Solution@9629756	951	3465	1677	727
Solution@62ee68d8	992	2210	1408	332
Solution@735b5592	815	4352	1418	545
Solution@58651fd0	918	2222	1387	252
Solution@4520ebad	954	2341	1563	478
Solution@5419f379	954	4299	1882	1098
Solution@7dc7cbad	939	2221	1475	319
Solution@d2cc05a	1056	2688	1566	456
Solution@4f933fd1	1014	3080	1727	707
Solution@548a9f61	934	17612	3171	4986
Solution@1753acfe	905	4560	1763	1078
Solution@7c16905e	902	2543	1614	511
Solution@2a2d45ba	855	2216	1480	309
Solution@2a5ca609	956	3208	1663	710
Solution@20e2cbe0	1021	4021	1792	911
Solution@68be2bc2	942	3142	1684	718
Solution@28feb3fa	894	3419	1573	665
Solution@675d3402	878	3941	1697	851
Solution@51565ec2	1035	4063	1899	885
Solution@482f8f11	1015	2203	1463	345
Solution@1593948d	1006	3433	1681	750
Solution@1b604f19	1036	4784	2152	1308
Solution@7823a2f9	991	3092	1727	697
Solution@4cc0edeb	995	4228	1724	744
Solution@457e2f02	900	3106	1584	696
Solution@5c7fa833	841	6271	2149	1811
Solution@39aeed2f	873	7189	2641	2457
Solution@724af044	966	3029	1760	667
Solution@4678c730	822	6984	2598	2241
Solution@6767c1fc	957	1854	1392	250
Solution@29ee9faa	919	2001	1371	232
Solution@c038203	998	2908	1679	565
Solution@cc285f4	1006	2426	1514	421
Solution@55f3ddb1	953	3654	1597	686
Solution@8bd1b6a	1001	2740	1679	555
Solution@18be83e4	1020	4322	1660	877
Solution@cb5822	982	2352	1595	416
Solution@4b9e13df	1021	3028	1600	544
Solution@2b98378d	957	3605	1716	780
Solution@475530b9	981	2987	1557	574
Solution@1d057a39	945	5481	1733	1024
Solution@26be92ad	986	5252	1855	1309
Solution@4c70fda8	1015	2497	1562	456
Solution@224edc67	941	13654	2250	3124
Solution@14acaea5	956	2983	1588	568
Solution@46d56d67	914	2478	1573	474
Solution@d8355a8	931	2849	1523	484
Solution@59fa1d9b	989	5224	1523	863
Solution@28d25987	990	2030	1379	241
Solution@4501b7af	877	2768	1566	489
Solution@523884b2	987	4188	1658	916
Solution@5b275dab	1052	2203	1465	323
Solution@61832929	1027	3470	1657	666
Solution@29774679	1012	5732	1993	1529
Solution@3ffc5af1	919	7280	2241	1943
Solution@5e5792a0	991	2238	1532	366
Solution@26653222	977	3080	1607	585
Solution@3532ec19	886	2923	1591	545
Solution@68c4039c	882	3085	1703	726
Solution@ae45eb6	936	2665	1671	554
Solution@59f99ea	1007	4008	1748	888
Solution@27efef64	1003	4482	1785	960
Solution@6f7fd0e6	966	3396	1693	758
Solution@47c62251	1013	3114	1590	569
Solution@3e6fa38a	1017	2773	1514	450
Solution@66a3ffec	1023	2346	1492	363
Solution@77caeb3e	911	2099	1472	335
Solution@1e88b3c	820	3516	1706	774
Solution@42d80b78	943	2295	1514	344
Solution@3bfdc050	964	13384	2402	3245
Solution@1bce4f0a	858	2044	1373	275
Solution@5e3a8624	995	3097	1650	656
Solution@5c3bd550	986	3822	1731	829
Solution@91161c7	965	2365	1543	418
Solution@604ed9f0	978	2465	1540	451
Solution@6a4f787b	996	2503	1436	310
Solution@685cb137	915	2297	1556	397
Solution@6a41eaa2	866	1956	1358	229
Solution@7cd62f43	950	9659	2367	2525
Solution@6d4b1c02	1017	3353	1636	656
Solution@6093dd95	1051	2044	1434	280
Solution@5622fdf	989	3490	1606	601
Solution@4883b407	958	12704	2561	3227
Solution@7d9d1a19	973	2836	1586	554
Solution@39c0f4a	958	2505	1518	417
Solution@1794d431	947	2140	1450	289
Solution@42e26948	997	2710	1496	443
Solution@57baeedf	895	9957	2225	2568
Solution@343f4d3d	978	4203	1759	993
Solution@53b32d7	986	4383	1738	988
Solution@5442a311	1049	7978	2473	2489
Solution@548e7350	1022	2102	1464	289
Solution@1a968a59	994	12298	1875	2155
Solution@4667ae56	912	1970	1475	260
Solution@77cd7a0	1033	4699	2016	1269
Solution@204f30ec	1029	3643	1649	696
Solution@e25b2fe	990	3692	1620	691
Solution@754ba872	1083	2610	1580	412
Solution@146ba0ac	964	2763	1655	508
Solution@4dfa3a9d	946	4384	1837	1036
Solution@6eebc39e	1048	2592	1644	510
Solution@464bee09	953	2941	1567	522
Solution@f6c48ac	1029	2950	1627	581
Solution@13deb50e	937	6080	2363	1830
Solution@239963d8	1001	3502	1761	834
Solution@3abbfa04	965	2701	1614	433
Solution@57fffcd7	981	7262	2410	2114
Solution@31ef45e3	958	7052	2291	2062
Solution@598067a5	1021	5622	1959	1376
Solution@3c0ecd4b	949	2229	1474	344
Solution@14bf9759	965	3463	1864	898
Solution@5f341870	957	2864	1625	625
Solution@553f17c	980	4733	1935	1173
Solution@4f7d0008	945	7732	2419	2214
Solution@271053e1	1011	10404	2313	2556
Solution@589838eb	823	4397	1640	927
Solution@42dafa95	966	3154	1701	659
Solution@6500df86	1079	2175	1459	258
Solution@402a079c	897	2513	1540	443
Solution@59ec2012	981	4393	1819	782
Solution@4cf777e8	847	2256	1597	401
Solution@2f686d1f	882	2982	1642	590
Solution@3fee9989	1062	2176	1516	294
Solution@73ad2d6	1025	3024	1564	414
Solution@7085bdee	1026	2768	1682	598
Solution@1ce92674	976	3774	1788	883
Solution@5700d6b1	979	4428	1749	1037
Solution@6fd02e5	946	2427	1548	481
Solution@5bcab519	997	4369	1767	902
Solution@e45f292	953	1840	1450	245
Solution@5f2108b5	1029	2847	1525	446
Solution@31a5c39e	919	2788	1651	534
Solution@3f49dace	925	5790	1729	1234
Solution@1e397ed7	1000	8100	2029	1867
Solution@490ab905	966	2033	1455	330
Solution@56ac3a89	1020	2983	1677	612
Solution@27c20538	1034	2788	1578	529
Solution@72d818d1	995	2806	1501	410
Solution@6e06451e	943	2478	1469	335
Solution@59494225	1039	2817	1503	435
Solution@6e1567f1	942	47123	7341	15358
Solution@5cb9f472	1006	2066	1504	306
Solution@cb644e	903	4251	1748	933
Solution@13805618	989	3189	1797	804
Solution@56ef9176	988	2294	1566	364
Solution@4566e5bd	1036	3105	1718	772
Solution@1ed4004b	919	2492	1456	396
Solution@ff5b51f	980	3061	1756	782
Solution@25bbe1b6	1014	2646	1532	455
Solution@5702b3b1	1017	2359	1550	397
Solution@69ea3742	907	47761	6131	13868
Solution@4b952a2d	950	2760	1537	486
Solution@3159c4b8	965	6517	1854	1411
Solution@73846619	1042	2871	1638	567
Solution@4bec1f0c	1036	4664	1883	1018
Solution@29ca901e	1003	5234	1959	1148
Solution@5649fd9b	1052	6986	2228	1927
Solution@6adede5	992	2389	1629	439
Solution@2d928643	926	63532	9432	20889
Solution@5025a98f	954	4439	1898	1186
Solution@49993335	902	3099	1449	502
Solution@20322d26	869	3352	1670	743
Solution@192b07fd	853	2761	1555	512
Solution@64bfbc86	942	5518	1833	1189
Solution@64bf3bbf	1004	6949	2078	1522
Solution@55d56113	920	2495	1448	401
Solution@148080bb	935	5214	1909	1359
Solution@dc24521	958	3097	1627	637
Solution@10bdf5e5	989	5439	2317	1516
Solution@6e1ec318	996	3667	1970	915
Solution@7e0b0338	926	6791	1875	1426
Solution@617faa95	795	2568	1518	408
Solution@1e127982	896	3447	1469	439
Solution@60c6f5b	968	1845	1374	229
Solution@2038ae61	938	11159	2044	2458
Solution@3c0f93f1	998	3752	1744	868
Solution@31dc339b	1040	5174	2076	1402
Solution@544fe44c	905	5454	2007	1459
Solution@31610302	980	1793	1373	209
Solution@71318ec4	941	2460	1446	375
Solution@21213b92	1056	2023	1539	360
Solution@a67c67e	1039	2659	1576	475
Solution@3327bd23	977	3305	1688	735
Solution@4e1d422d	975	1925	1375	246
Solution@66480dd7	948	2630	1539	455
Solution@52a86356	1049	2035	1491	260
Solution@5ce81285	1024	3705	1671	737
Solution@78c03f1f	1089	9285	2186	2356
Solution@5ec0a365	977	3261	1596	543
Solution@4fe3c938	1001	4901	1621	855
Solution@5383967b	1020	2750	1524	481
Solution@2ac273d3	896	6258	2124	1748
Solution@71423665	1023	2722	1529	520
Solution@20398b7c	982	2373	1499	380
Solution@6fc6f14e	968	3829	1529	607
Solution@56235b8e	895	6081	2225	1749
Solution@3632be31	984	2112	1495	289
Solution@5abca1e0	1033	5716	2258	1660
Solution@2286778	957	3168	1633	696
Solution@4e9ba398	1025	2913	1669	605
Solution@6d7b4f4c	1011	3845	1899	980
Solution@527740a2	881	2850	1475	468
Solution@13a5fe33	941	3475	1484	685
Solution@3108bc	930	11508	2245	2880
Solution@370736d9	969	2101	1501	331
Solution@5f9d02cb	985	6940	1951	1749
Solution@63753b6d	884	1830	1361	206
Solution@6b09bb57	979	5559	2118	1584
Solution@6536e911	994	4621	1830	1152
Solution@520a3426	992	2655	1583	438
Solution@18eed359	961	4615	1738	965
Solution@3e9b1010	984	3181	1726	686
Solution@6c3708b3	972	2728	1624	530
Solution@6f1fba17	892	2816	1568	479
Solution@185d8b6	1047	6939	1732	1434
Solution@67784306	899	2267	1473	371
Solution@335eadca	984	2369	1589	463
Solution@210366b4	1107	2110	1480	290
Solution@eec5a4a	994	2759	1627	526
Solution@2b2948e2	1006	5387	1949	1283
Solution@6ddf90b0	930	4659	1913	1185
Solution@57536d79	1019	2291	1547	375
Solution@3b0143d3	916	4867	1856	1175
Solution@5a8e6209	1019	4563	1752	876
Solution@4b4523f8	884	6055	2124	1660
Solution@731a74c	1050	6673	2269	1893
Solution@369f73a2	1030	5828	1926	1456
Solution@1f28c152	1048	2834	1533	519
Solution@7d907bac	974	4129	1786	957
Solution@7791a895	1072	5386	2294	1531
Solution@3a5ed7a6	1068	2836	1592	547
Solution@6325a3ee	978	4920	1763	1136
Solution@1d16f93d	929	2929	1555	541
Solution@67b92f0a	966	1801	1406	221
Solution@2b9627bc	995	6350	1890	1503
Solution@65e2dbf3	986	3967	1757	1006
Solution@4f970963	1053	2973	1603	617
Solution@61f8bee4	848	4366	1827	1063
Solution@7b49cea0	986	3922	1909	902
Solution@887af79	967	2595	1661	517
Solution@7fac631b	988	2419	1559	445
Solution@5b87ed94	987	3115	1497	486
Solution@6e0e048a	981	5729	2040	1614
Solution@5bc79255	949	2250	1475	334
Solution@47ef968d	1045	2323	1445	325
Solution@23e028a9	1012	2261	1476	348
Solution@3dd4520b	902	2437	1529	413
Solution@5ae63ade	1015	3240	1659	673
Solution@610694f1	985	3432	1717	780
Solution@43814d18	1068	7223	2147	1925
Solution@5c5a1b69	888	3013	1575	543
Solution@3701eaf6	976	1978	1408	252
Solution@627551fb	1016	2477	1498	432
Solution@2b552920	958	2027	1444	321
Solution@2758fe70	964	6437	2296	1995
Solution@1f36e637	1097	3623	1624	689
Solution@578486a3	953	2420	1597	457
Solution@551aa95a	946	1725	1392	211
Solution@35d176f7	960	6251	2009	1594
Solution@1dfe2924	1007	7753	1764	1505
Solution@6ebc05a6	894	4121	1652	882
Solution@6e6c3152	989	2001	1451	289
Solution@50b494a6	979	3426	1765	806
Solution@3cef309d	1041	2136	1527	308
Solution@32709393	958	2441	1522	416
Solution@3d99d22e	1031	4267	1832	1077
Solution@49fc609f	922	2057	1457	304
Solution@cd2dae5	998	2959	1567	511
Solution@3a883ce7	1024	2364	1446	354
Solution@4973813a	687	2145	1493	338
Solution@6321e813	966	5947	1677	1159
Solution@79be0360	955	7611	2199	2026
Solution@22a67b4	967	2773	1756	639
Solution@57855c9a	985	2261	1575	380
Solution@3b084709	1056	2938	1730	628
Solution@3224f60b	951	3355	1534	620
Solution@63e2203c	896	2156	1483	310
Solution@1efed156	949	3637	1518	576
Solution@6737fd8f	1023	5493	1949	1317
Solution@72b6cbcc	1023	4449	1843	1162
Solution@a7e666	844	3942	1795	985
Solution@68bbe345	945	3646	1574	715
Solution@30b8a058	995	5436	1937	1230
Solution@7494e528	1000	3168	1766	719
Solution@4bbfb90a	927	3821	1872	953
Solution@7c29daf3	1012	8576	2236	2241
Solution@9660f4e	1106	6812	2339	2026
Solution@5a8806ef	1049	6776	1810	963
Solution@6c49835d	949	5743	1968	1414
Solution@5e853265	939	11123	2567	3214
Solution@67205a84	989	5260	1893	1241
Solution@7d0587f1	888	9767	2338	2578
Solution@5d76b067	948	2326	1486	405
Solution@2a17b7b6	926	16906	3426	4998
Solution@4f063c0a	1009	4995	1759	1149
Solution@1e6d1014	931	3565	1642	714
Solution@76707e36	970	2375	1538	449
Solution@614ddd49	974	15755	2941	4506
Solution@1f554b06	954	3151	1772	685
Solution@694e1548	985	2531	1523	412
Solution@1c3a4799	860	3957	1649	793
Solution@131276c2	966	6634	1785	1445
Solution@26aa12dd	1001	2740	1703	548
Solution@3fd7a715	973	2753	1590	455
Solution@711f39f9	871	2151	1398	277
Solution@71bbf57e	1008	2680	1584	515
Solution@7f13d6e	1081	3073	1462	389
Solution@51cdd8a	857	6664	2099	1827
Solution@d44fc21	996	3243	1723	759
Solution@23faf8f2	998	3963	1699	882
Solution@2d6eabae	858	4406	1889	1098
Solution@4e7dc304	1032	2982	1550	554
Solution@64729b1e	999	4874	1803	915
Solution@10bbd20a	1037	2966	1550	527
Solution@48503868	906	4383	1768	1046
Solution@6895a785	1029	3026	1467	461
Solution@184f6be2	903	6295	1757	1342
Solution@56aac163	891	2290	1561	402
Solution@1f7030a6	1047	2020	1472	297
Solution@5a1c0542	961	2946	1655	568
Solution@396f6598	988	3170	1458	532
Solution@394e1a0f	971	2016	1468	287
Solution@27a5f880	960	2875	1594	584
Solution@1d29cf23	1015	2421	1607	485
Solution@5f282abb	1003	3016	1688	654
Solution@167fdd33	1037	4124	2030	1223
Solution@1e965684	971	6058	2357	1952
Solution@4d95d2a2	1027	4735	1954	1138
Solution@53f65459	978	12635	3395	4037
Solution@3b088d51	948	6644	1932	1575
Solution@1786dec2	957	2179	1445	306
Solution@74650e52	1105	3999	1740	896
Solution@15d0c81b	974	7745	2435	2351
Solution@6acdbdf5	940	3050	1639	617
Solution@4b1c1ea0	1013	2206	1460	294
Solution@17579e0f	957	3808	1837	845
Solution@4d41cee	940	3494	1697	778
Solution@3712b94	959	3635	1666	781
Solution@2833cc44	1013	2916	1526	531
Solution@33f88ab	1016	4300	1630	865
Solution@27a8c74e	928	3199	1617	677
Solution@2d8f65a4	951	3286	1587	600
Solution@1b68ddbd	902	11962	2916	3443
Solution@646d64ab	978	6026	1827	1434
Solution@59e5ddf	1053	3056	1640	589
Solution@536aaa8d	991	2269	1385	262
Solution@e320068	1027	3622	1875	866
Solution@1f57539	938	3690	1738	850
Solution@76f2b07d	887	2508	1623	448
Solution@704a52ec	987	2674	1487	421
Solution@6ee52dcd	1058	3753	1765	813
Solution@4493d195	1013	2876	1726	639
Solution@2781e022	1023	9653	2473	2885
Solution@57e1b0c	921	4782	1990	1287
Solution@4232c52b	982	2623	1458	424
Solution@1877ab81	1005	4403	1633	629
Solution@305fd85d	1055	2755	1597	544
Solution@458c1321	1068	6432	1591	975
Solution@11438d26	1018	4355	1973	1193
Solution@34cd072c	899	1962	1412	293
Solution@7a1ebcd8	1000	2581	1457	423
Solution@5faeada1	973	2475	1474	381
Solution@528931cf	1044	7984	2118	2030
Solution@ea1a8d5	919	9763	2269	2224
Solution@1563da5	1003	2362	1485	350
Solution@2bbf4b8b	886	1923	1466	256
Solution@30a3107a	1090	5532	2031	1442
Solution@33c7e1bb	973	3015	1768	673
Solution@34c4973	864	9292	1515	820
Solution@52feb982	1015	2568	1538	461
Solution@7a765367	907	3406	1670	643
Solution@76b0bfab	1025	1957	1536	295
Solution@17d677df	948	4495	1880	1049
Solution@3043fe0e	969	3932	1617	820
Solution@78e67e0a	942	9028	2082	2184
Solution@bd8db5a	887	10416	1772	1974
Solution@2f943d71	925	5558	2276	1572
Solution@80503	1021	4007	1794	947
Solution@4b553d26	957	3239	1628	626
Solution@69a3d1d	932	2104	1544	364
Solution@86be70a	983	4129	1699	835
Solution@480bdb19	909	3427	1717	744
Solution@2a556333	1026	5682	2147	1523
Solution@7d70d1b1	928	2113	1596	342
Solution@2a742aa2	858	2388	1461	346
Solution@3cb1ffe6	985	3350	1589	583
Solution@3dfc5fb8	1035	14805	3053	4378
Solution@467aecef	911	2758	1499	471
Solution@4d50efb8	828	3435	1474	546
Solution@7e2d773b	882	1776	1414	204
Solution@2173f6d9	1041	4378	1901	1170
Solution@307f6b8c	985	2152	1490	362
Solution@7a187f14	888	2644	1602	511
Solution@6f195bc3	965	4883	1859	1146
Solution@51e2adc7	918	2975	1511	586
Solution@1a8a8f7c	994	2009	1475	307
Solution@2353b3e6	988	3158	1652	652
Solution@631330c	1075	7986	2330	2228
Solution@42f93a98	968	7490	2326	2159
Solution@c46bcd4	959	4244	1687	910
Solution@3234e239	1032	2520	1584	517
Solution@3d921e20	990	3871	1617	777
Solution@36b4cef0	922	25092	4826	8100
Solution@fad74ee	959	3430	1539	668
Solution@1a1d6a08	964	5623	1761	1258
Solution@37d31475	972	10016	1909	2098
Solution@27808f31	911	3241	1639	557
Solution@436e852b	994	2861	1675	635
Solution@32d2fa64	826	5909	2078	1577
Solution@1d8d30f7	793	2446	1421	381
Solution@3e57cd70	880	2343	1544	435
Solution@9a7504c	957	5556	2111	1521
Solution@2c039ac6	916	5189	1654	925
Solution@587d1d39	1003	2790	1686	596
Solution@58c1670b	1026	3855	1746	852
Solution@6b57696f	970	2523	1619	485
Solution@5bb21b69	896	3453	1603	634
Solution@6b9651f3	1042	2012	1451	243
Solution@38bc8ab5	935	2559	1518	369
Solution@687080dc	986	2492	1506	416
Solution@23d2a7e8	923	8259	2197	2321
Solution@7a9273a8	1005	2953	1660	586
Solution@26a7b76d	865	2563	1528	404
Solution@4abdb505	1080	3200	1719	680
Solution@7ce6a65d	1024	4399	1793	936
Solution@1500955a	1042	2265	1517	360
Solution@e874448	960	1788	1407	212
Solution@29b5cd00	889	3304	1599	679
Solution@60285225	877	2981	1584	556
Solution@7113b13f	1035	6320	2199	1854
Solution@45820e51	979	3451	1644	705
Solution@42d8062c	960	3773	1704	842
Solution@6043cd28	964	2141	1457	324
Solution@cb51256	993	4044	1779	858
Solution@59906517	920	2190	1539	375
Solution@5bfbf16f	968	1964	1484	273
Solution@25af5db5	1021	2780	1537	492
Solution@12cdcf4	1011	2896	1553	494
Solution@5bcea91b	1038	3808	1690	806
Solution@5f3a4b84	1014	2759	1574	453
Solution@27f723	996	3782	1676	750
Solution@670b40af	975	4662	1840	1126
Solution@4923ab24	908	9689	2309	2598
Solution@44c8afef	967	2449	1442	325
Solution@7b69c6ba	1047	2582	1446	306
Solution@46daef40	960	3048	1655	595
Solution@12f41634	946	2765	1497	396
Solution@13c27452	903	2463	1450	407
Solution@262b2c86	1029	2304	1461	361
Solution@371a67ec	959	2644	1459	409
Solution@5ed828d	942	2789	1526	534
Solution@50d0686	1011	2092	1517	309
Solution@7a3d45bd	882	3942	1830	1028
Solution@1e7c7811	968	2406	1529	389
Solution@77ec78b9	1061	4314	1766	974
Solution@1a3869f4	829	4154	1702	933
Solution@a38d7a3	968	2696	1453	323
Solution@77f99a05	1018	3661	1810	882
Solution@63440df3	832	3866	1570	664
Solution@3aeaafa6	939	3302	1622	671
Solution@76a3e297	853	3082	1711	681
Solution@4d3167f4	1019	5257	1876	1264
Solution@ed9d034	1019	2667	1539	494
Solution@6121c9d6	1007	40657	5345	11764
Solution@87f383f	966	4158	1738	917
Solution@4eb7f003	965	2109	1407	250
Solution@eafc191	1011	3039	1671	604
Solution@612fc6eb	928	4179	1591	794
Solution@1060b431	956	1725	1402	200
Solution@612679d6	1055	2754	1641	590
Solution@11758f2a	997	7904	2241	2200
Solution@e720b71	1016	8742	2792	2848
Solution@1b26f7b2	1092	4435	1731	937
Solution@491cc5c9	985	2238	1520	359
Solution@74ad1f1f	979	2438	1563	407
Solution@6a1aab78	961	2244	1462	321
Solution@462d5aee	1035	4058	1676	899
Solution@69b0fd6f	915	3701	1732	810
Solution@757942a1	968	3294	1445	392
Solution@4a87761d	1030	2491	1484	345
Solution@66d1af89	1008	2650	1592	453
Solution@8646db9	1075	4031	1946	962
Solution@37374a5e	1010	7566	2259	2113
Solution@4671e53b	1004	2308	1505	384
Solution@2db7a79b	861	2290	1518	379
Solution@6950e31	913	10843	2146	2446
Solution@b7dd107	969	4111	1624	695
Solution@42eca56e	940	3799	1718	858
Solution@52f759d7	930	12201	3220	3679
Solution@7cbd213e	1100	2344	1632	394
Solution@192d3247	949	8948	2484	2616
Solution@3ecd23d9	1018	5105	1946	1090
Solution@569cfc36	915	4459	1760	922
Solution@43bd930a	980	5858	1761	1029
Solution@33723e30	913	3756	1611	725
Solution@64f6106c	995	3182	1716	705
Solution@553a3d88	893	2208	1396	334
Solution@7a30d1e6	892	2698	1675	594
Solution@5891e32e	938	5995	1797	1203
Solution@cb0ed20	970	6298	1844	1510
Solution@8e24743	988	5554	1886	1330
Solution@74a10858	898	2853	1766	644
Solution@23fe1d71	964	2277	1469	341
Solution@28ac3dc3	1020	6391	1679	924
Solution@32eebfca	971	3960	1770	968
Solution@4e718207	949	6161	2072	1653
Solution@1d371b2d	1012	2330	1435	349
Solution@543c6f6d	1008	6106	2016	1583
Solution@13eb8acf	995	5272	2216	1530
Solution@51c8530f	997	3386	1781	838
Solution@7403c468	819	3486	1866	845
Solution@43738a82	853	3566	1749	847
Solution@c81cdd1	1002	2002	1448	274
Solution@1fc2b765	912	1901	1465	277
Solution@75881071	965	4405	1863	1112
Solution@2a70a3d8	1073	2125	1540	325
Solution@289d1c02	960	3774	1677	812
Solution@22eeefeb	983	12446	3341	4087
Solution@17d0685f	1023	2988	1582	585
Solution@3891771e	796	3704	1659	696
Solution@78ac1102	884	2884	1502	484
Solution@2de8284b	946	4616	1724	1072
Solution@396e2f39	956	1722	1329	193
Solution@a74868d	816	4399	1668	939
Solution@12c8a2c0	1022	3313	1754	720
Solution@7e0e6aa2	1052	2439	1567	469
Solution@365185bd	901	4167	1806	990
Solution@18bf3d14	957	2226	1515	357
Solution@4fb64261	902	10581	2554	2957
Solution@42607a4f	877	2126	1477	261
Solution@782663d3	927	2123	1283	229
Solution@1990a65e	992	15151	2624	3766
Solution@64485a47	974	2676	1614	532
Solution@25bbf683	964	3443	1775	876
Solution@6ec8211c	974	3446	1851	806
Solution@7276c8cd	941	14062	3023	4229
Solution@544a2ea6	1004	3711	1801	882
Solution@2e3fc542	815	13334	3225	3935
Solution@150c158	864	3011	1424	333
Solution@4524411f	948	11175	2938	3531
Solution@401e7803	973	2951	1644	618
Solution@10dba097	969	3536	1806	838
Solution@1786f9d5	1006	3571	1766	830
Solution@704d6e83	999	4838	1772	1185
Solution@43a0cee9	975	2712	1620	489
Solution@eb21112	926	2526	1567	408
Solution@2eda0940	1057	18620	3077	4757
Solution@3578436e	999	2657	1542	497
Solution@706a04ae	1009	2188	1430	280
Solution@6eceb130	1037	6071	1874	1354
Solution@10a035a0	978	4663	1755	964
Solution@67b467e9	903	4428	1925	1212
Solution@47db50c5	1013	4538	1865	1054
Solution@5c072e3f	912	3824	2042	1022
Solution@4d1b0d2a	936	6614	2051	1844
Solution@954b04f	954	6131	1916	1445
Solution@149494d8	971	5179	1890	1342
Solution@710726a3	940	3161	1590	660
Solution@646007f4	971	3782	1671	847
Solution@481a15ff	1022	2451	1491	357
Solution@78186a70	1011	3900	1530	668
Solution@306279ee	990	7385	2113	1746
Solution@545997b1	862	3478	1701	746
Solution@4cf4d528	1013	2335	1531	415
Solution@77846d2c	1012	2036	1582	320
Solution@548ad73b	1007	10519	2598	2955
Solution@4c762604	1016	3716	1674	656
Solution@2641e737	1033	3603	1682	748
Solution@727803de	1079	3283	1716	704
Solution@704921a5	1086	3265	1761	693
Solution@df27fae	895	3401	1652	623
Solution@24a35978	899	8175	2934	2762
Solution@16f7c8c1	1020	2250	1458	325
Solution@2f0a87b3	992	4043	1742	905
Solution@319b92f3	996	2531	1609	452
Solution@fcd6521	953	3335	1582	671
Solution@27d415d9	882	3163	1562	610
Solution@5c18298f	984	2860	1539	534
Solution@31f924f5	1050	2982	1570	527
Solution@5579bb86	874	5773	1774	995
Solution@5204062d	1051	3843	1898	1022
Solution@4fcd19b3	961	4795	1731	906
Solution@376b4233	1031	7690	1973	1897
Solution@2fd66ad3	983	3291	1775	810
Solution@5d11346a	1022	3163	1604	585
Solution@7a36aefa	891	3307	1572	627
Solution@17211155	976	1834	1406	223
Solution@b3d7190	869	2896	1664	575
Solution@5fdba6f9	911	1979	1350	288
Solution@10d59286	945	1988	1479	250
Solution@fe18270	964	3264	1637	659
Solution@6fb0d3ed	965	2216	1467	272
Solution@6dde5c8c	958	2314	1607	473
Solution@5123a213	970	2796	1492	446
Solution@52525845	814	1693	1399	194
Solution@3b94d659	1017	2970	1659	605
Solution@24b1d79b	999	2440	1486	358
Solution@68ceda24	924	2676	1685	551
Solution@281e3708	976	3509	1704	756
Solution@35a50a4c	908	3765	1545	599
Solution@1f021e6c	993	2208	1503	349
Solution@103f852	903	4335	1940	1100
Solution@587c290d	982	2509	1539	388
Solution@4516af24	970	4115	1728	854
Solution@4ae82894	991	2160	1519	323
Solution@543788f3	957	3257	1688	705
Solution@6d3af739	958	2102	1446	271
Solution@1da51a35	987	2579	1519	480
Solution@16022d9d	879	4286	1826	1001
Solution@7e9a5fbe	1019	1850	1356	184
Solution@44a3ec6b	954	2264	1572	377
Solution@71623278	1038	3944	1862	986
Solution@768b970c	1048	11699	2529	3084
Solution@5a4041cc	850	5331	1786	1244
Solution@15b3e5b	992	2689	1600	488
Solution@61ca2dfa	863	1980	1489	286
Solution@4b53f538	930	3440	1714	777
Solution@134593bf	956	4955	1804	1050
Solution@4bb4de6a	965	7190	2389	2173
Solution@7ba18f1b	1062	2856	1772	673
Solution@2f8f5f62	855	2863	1561	537
Solution@1068e947	992	7122	2009	1755
Solution@7dc222ae	977	3652	1821	874
Solution@aecb35a	922	1841	1455	260
Solution@5fcd892a	903	3474	1668	768
Solution@8b87145	989	3791	1529	555
Solution@6483f5ae	916	2572	1480	300
Solution@b9afc07	981	7512	2395	2247
Solution@382db087	951	4667	1705	1041
Solution@73d4cc9e	972	2679	1444	359
Solution@80169cf	999	2311	1450	362
Solution@5427c60c	812	4449	1608	933
Solution@15bfd87	1057	2718	1459	384
Solution@543e710e	1089	3821	1740	766
Solution@57f23557	1091	3350	1690	694
Solution@3d0f8e03	984	6658	1964	1316
Solution@6366ebe0	1023	2863	1606	560
Solution@44f75083	902	2906	1488	503
Solution@2698dc7	847	2979	1639	575
Solution@43d7741f	911	4554	1611	868
Solution@17baae6e	1040	2535	1462	375
Solution@69379752	925	4824	1872	1188
Solution@27fe3806	1031	2837	1602	515
Solution@5f71c76a	992	2828	1693	620
Solution@1d7acb34	905	2181	1492	349
Solution@48a242ce	992	2248	1428	338
Solution@1e4a7dd4	1049	2107	1513	339
Solution@4f51b3e0	989	10583	2600	3011
Solution@4b9e255	1025	2787	1575	539
Solution@5e57643e	1025	2880	1603	565
Solution@133e16fd	951	2794	1724	610
Solution@51b279c9	1030	7057	2206	1908
Solution@1ad282e0	904	2992	1745	661
Solution@7f416310	807	4457	1684	967
Solution@1cab0bfb	858	2514	1555	472
Solution@5e955596	1015	3043	1691	619
Solution@50de0926	782	4369	1874	1132
Solution@2473b9ce	989	2200	1450	284
Solution@60438a68	1003	3477	1752	776
Solution@140e5a13	1018	4429	1838	1113
Solution@3439f68d	980	3466	1709	691
Solution@dbd940d	950	3152	1572	604
Solution@71d15f18	942	8274	1989	1779
Solution@17695df3	914	3413	1639	736
Solution@6c9f5c0d	924	2315	1461	287
Solution@de3a06f	1003	2787	1622	539
Solution@76b10754	960	4505	1891	1086
Solution@2bea5ab4	1007	2617	1520	480
Solution@3d8314f0	1022	3772	1531	476
Solution@2df32bf7	934	3116	1571	643
Solution@530612ba	981	2361	1515	358
Solution@2a40cd94	911	2588	1467	412
Solution@f4168b8	987	3353	1516	597
Solution@3bd94634	983	3195	1575	582
Solution@58a90037	975	1843	1441	263
Solution@74294adb	916	3731	1592	573
Solution@70a9f84e	935	5950	1700	955
Solution@130f889	1003	1895	1412	223
Solution@1188e820	913	8688	2232	2289
Solution@2f490758	1000	3288	1575	678
Solution@101df177	1016	3450	1544	660
Solution@166fa74d	889	33517	5047	8561
Solution@40f08448	1009	11409	3517	3866
Solution@276438c9	866	3344	1663	689
Solution@588df31b	975	5862	1841	1327
Solution@33b37288	984	5612	2097	1515
Solution@77a57272	1030	3593	1767	771
Solution@7181ae3f	1002	3324	1815	761
Solution@46238e3f	1043	3190	1558	647
Solution@6e2c9341	1010	3266	1736	784
Solution@32464a14	954	4033	1977	1164
Solution@4e4aea35	1021	2968	1636	514
Solution@1442d7b5	984	3052	1528	531
Solution@1efee8e7	994	3718	1924	985
Solution@1ee807c6	916	3909	1822	904
Solution@76a4d6c	917	5103	2010	1334
Solution@517cd4b	888	11166	2634	3222
Solution@6cc7b4de	996	2748	1456	460
Solution@32cf48b7	1024	133823	15875	40570
Solution@679b62af	1013	14010	5113	5804
Solution@5cdd8682	1038	2144	1464	303
Solution@d6da883	1011	7464	2280	2093
Solution@45afc369	1017	2594	1509	415
Solution@799d4f69	991	4054	1772	942
Solution@49c43f4e	1036	4654	1764	1042
Solution@290dbf45	1039	4171	1955	1062
Solution@12028586	1021	2804	1587	569
Solution@17776a8	893	1888	1410	200
Solution@69a10787	958	2102	1407	248
Solution@2d127a61	940	3431	1630	669
Solution@2bbaf4f0	989	3194	1587	624
Solution@11c20519	974	12993	4732	5246
Solution@70beb599	943	3346	1645	694
Solution@4e41089d	984	3739	1857	988
Solution@32a068d1	936	5109	1651	1005
Solution@33cb5951	910	2697	1621	520
Solution@365c30cc	1062	2300	1459	309
Solution@701fc37a	1013	3635	1633	709
Solution@4148db48	926	2722	1529	430
Solution@282003e1	921	2501	1641	487
Solution@7fad8c79	983	2356	1536	423
Solution@71a794e5	894	2493	1414	381
Solution@76329302	1025	2764	1513	478
Solution@5e25a92e	984	7438	2039	1878
Solution@4df828d7	1012	3659	1752	822
Solution@b59d31	1012	2176	1572	367
Solution@62fdb4a6	929	13410	2298	3199
Solution@11e21d0e	1042	2809	1669	566
Solution@1dd02175	983	4669	1740	1052
Solution@31206beb	1045	4870	1839	1099
Solution@3e77a1ed	1032	5332	1941	1420
Solution@3ffcd140	1005	2460	1524	357
Solution@23bb8443	973	5251	1956	1288
Solution@1176dcec	994	65018	9746	21366
Solution@120d6fe6	1001	3195	1764	745
Solution@4ba2ca36	1019	3197	1822	790
Solution@3444d69d	1016	4052	1764	937
Solution@1372ed45	998	2087	1496	324
Solution@6a79c292	1009	3146	1763	703
Solution@37574691	931	3367	1582	604
Solution@25359ed8	955	2058	1434	284
Solution@21a947fe	930	6679	1939	1514
Solution@5606c0b	916	6718	2110	1741
Solution@80ec1f8	884	2810	1590	486
Solution@1445d7f	978	2170	1522	311
Solution@6a396c1e	966	2163	1449	326
Solution@6c3f5566	963	4806	1839	1163
Solution@12405818	992	8151	2370	2350
Solution@314c508a	1033	3003	1685	506
Solution@10b48321	972	3228	1637	583
Solution@6b67034	877	4818	1698	1023
Solution@16267862	1006	4429	1714	959
Solution@453da22c	1002	4085	1729	920
Solution@71248c21	1043	3230	1668	592
Solution@442675e1	940	4585	1581	795
Solution@6166e06f	993	2304	1450	292
Solution@49e202ad	836	4116	1787	993
Solution@1c72da34	1062	2189	1450	294
Solution@6b0c2d26	936	8821	2396	2457
Solution@3d3fcdb0	887	3137	1563	530
Solution@641147d0	1043	1971	1463	287
Solution@6e38921c	886	3459	1696	731
Solution@64d7f7e0	963	3873	1854	910
Solution@27c6e487	1007	3474	1588	608
Solution@49070868	1018	4556	1880	1139
Solution@6385cb26	921	2851	1541	463
Solution@38364841	869	13874	2804	4077
Solution@28c4711c	960	4874	1757	1212
Solution@59717824	1014	3162	1597	624
Solution@146044d7	968	2125	1472	296
Solution@1e9e725a	962	6779	2105	1629
Solution@15d9bc04	1041	2519	1469	315
Solution@473b46c3	1013	2943	1614	543
Solution@516be40f	1062	2935	1646	595
Solution@3c0a50da	996	2867	1681	599
Solution@646be2c3	959	2700	1597	524
Solution@797badd3	845	3460	1653	653
Solution@77be656f	992	2347	1549	380
Solution@19dc67c2	1008	4549	1906	1168
Solution@221af3c0	859	3333	1641	660
Solution@62bd765	966	4343	1630	682
Solution@23a5fd2	955	2401	1448	413
Solution@78a2da20	981	3379	1555	652
Solution@dd3b207	1033	3366	1695	638
Solution@551bdc27	938	4222	1652	785
Solution@58fdd99	984	3962	1736	779
Solution@6b1274d2	953	25852	3854	7320
Solution@7bc1a03d	911	2406	1475	394
Solution@70b0b186	888	2308	1511	394
Solution@ba8d91c	923	5204	1863	1183
Solution@7364985f	924	4416	1705	943
Solution@5d20e46	836	2000	1472	307
Solution@709ba3fb	990	3212	1695	685
Solution@3d36e4cd	957	2602	1573	479
Solution@6a472554	1066	4473	1702	985
Solution@7ff2a664	888	1907	1403	232
Solution@525b461a	1007	2449	1422	406
Solution@58c1c010	1047	2268	1511	338
Solution@b7f23d9	1019	2121	1488	320
Solution@61d47554	1019	3183	1653	633
Solution@69b794e2	1043	2452	1532	351
Solution@3f200884	968	3315	1768	769
Solution@4d339552	897	9048	2276	2447
Solution@f0f2775	835	5332	2135	1526
Solution@5a4aa2f2	1031	2536	1468	349
Solution@6591f517	1019	2710	1609	453
Solution@345965f2	1009	2971	1659	579
Solution@429bd883	854	1991	1523	310
Solution@4d49af10	976	3748	1757	902
Solution@279ad2e3	1062	6315	1992	1519
Solution@58134517	1022	2412	1516	376
